5
1
1
150
0.139903
0.0634514
0.0208435
0.243467
0.12967
1.66546
0.0361236
0.0667757
-0.0213697
-0.0390262
-0.535108
-1.27566
-0.0869023
-0.375111
-0.0940294
0.417076
0.236728
0.805625
0.0194749
0.0789052
0.0104218
-0.0473108
-0.536506
-1.27345
0.0967622
0.238695
0.392928
0.233638
-0.308999
1.75993
-0.0171169
0.0768884
-0.0497542
0.208364
0.362914
0.684871
0.0357369
0.0322265
0.0163598
0.106524
0.338695
0.652693
0.0793619
0.407973
0.530493
1.21365
0.0610259
0.766996
-0.0110522
0.219373
0.40014
0.713325
0.231329
0.361874
0.0337163
0.100858
0.238058
0.206959
0.338178
0.623676
0.0240118
0.0144586
-0.0969758
0.0403898
-0.0682883
1.86288
0.105949
0.216708
0.0381073
0.22305
0.130495
1.67568
-0.0851583
-0.41242
0.22062
0.552446
0.183087
1.02239
0.12975
0.0527818
-0.0301761
0.259998
0.0302021
1.81321
0.00424402
0.236009
0.138803
0.60678
0.263166
0.452905
0.00202633
-0.00283284
0.115341
0.199144
0.335809
0.633185
0.029976
-0.0560933
0.220545
0.707389
0.0731234
0.935802
0.0546732
0.0324341
-0.0519879
0.216879
0.378527
0.648695
0.0375475
0.000667923
0.0312431
0.278941
0.327773
0.623216
0.0081279
0.0862635
-0.154003
0.0215131
-0.0396383
1.90163
0.00626659
-0.0785656
0.150311
0.203258
0.314443
0.589152
0.0348413
0.322097
0.305241
0.25976
0.108537
1.64054
0.013621
-0.0837749
-0.0688863
0.55267
0.23297
0.732703
0.0357973
0.0310598
-0.22099
0.14896
0.02343
1.853
0.0557844
0.145438
0.311501
0.414226
0.272827
0.472669
0.0254412
0.162477
0.0488584
0.152413
0.0949251
1.64195
-0.0574219
0.10298
-0.11147
-0.0501372
-0.00626916
1.96596
-0.0463665
0.141968
-0.111701
-0.00906446
-0.0326853
1.91904
0.0504004
0.0970491
0.333805
0.310193
0.096042
1.63584
-0.0156468
0.043109
-0.070627
0.196688
0.388209
0.680757
0.0506462
0.101993
-0.0381017
0.0194436
0.0410026
1.84183
0.0120019
-0.139156
-0.0706418
0.0519333
0.0613616
1.9175
-0.0776773
-0.202547
0.316302
0.878945
0.0673795
0.651555
-0.0585548
-0.0871218
-0.1525
-0.136052
-0.0440529
1.92709
0.0239161
0.0576963
0.228976
0.34585
0.125103
1.89496
0.0111394
0.0329504
-0.169067
0.137576
-0.0286126
1.83165
0.0681815
0.249175
0.103628
-0.142457
-0.552662
-1.23348
0.0884909
0.0707107
0.0360776
0.26191
0.124322
1.67089
0.0490713
0.122363
0.120816
0.296447
0.124814
1.58203
0.0663111
0.291193
-0.0439915
-0.128844
-0.538299
-1.24032
0.0409578
0.0652122
0.239813
0.0733124
-0.0110645
1.7643
0.0311473
-0.0121327
0.265697
0.436361
0.0919638
1.66249
-0.0295828
-0.162719
-0.226581
0.144051
0.00306013
1.92189
-0.00997734
-0.0306378
-0.20693
0.185321
0.0304563
1.93537
-0.0547745
0.139441
-0.0810955
-0.0965835
-0.0544602
1.98025
0.0994932
0.160648
0.104521
0.412424
0.13374
1.75895
0.0154717
-0.158161
-0.0613118
0.17836
0.0349024
1.88959
0.0567686
-0.110553
-0.1071
0.139117
0.343286
0.631643
0.0485462
0.244226
0.154691
-0.178809
-0.548535
-1.18496
-0.0204943
0.133564
-0.162825
0.596366
0.242661
0.730898
-0.039706
-0.0141229
-0.121229
0.0295917
-0.0374406
1.92738
0.0506358
-0.0225448
0.152632
0.774626
0.102916
1.30421
0.016079
0.0186654
-0.0390606
0.196598
0.34536
0.658264
0.00831414
-0.010002
0.0631749
0.120355
-0.0351382
1.85584
0.0793382
0.241607
0.195937
0.927465
0.100537
0.96556
-0.0288563
-0.065139
0.00323611
0.0415487
0.025933
1.92041
-0.015246
0.12715
0.0832555
0.195346
0.321678
0.604258
-0.0263181
0.0738834
-0.183427
-0.0362284
-0.00177434
1.90982
-0.0555049
-0.0914461
-0.0823321
0.474881
0.28365
0.818065
-0.124718
-0.301905
0.263473
0.488896
0.149064
0.835008
0.0147596
-0.056347
0.124011
0.0752752
0.332511
0.639474
0.146956
0.292353
0.238156
-0.128244
-0.130774
-0.631706
0.00590285
-0.0963727
-0.17201
0.485716
0.287256
0.816931
-0.0199295
-0.27642
0.0210399
0.420759
0.262064
0.796081
-0.0202933
-0.103445
-0.237408
0.0378591
0.0278946
1.90721
0.193258
0.421574
0.00894105
-0.634227
0.251616
-0.118535
0.0127016
-0.0395009
-0.0651449
0.0266698
0.0292042
1.88661
-0.0228808
0.0119099
-0.116147
-0.0349992
-0.0505622
1.85709
0.0587963
-0.209755
0.021544
0.0370708
0.0956987
1.91915
0.0282745
0.0432019
0.20012
0.40998
0.0909268
1.65298
-0.0489688
-0.0983151
-0.150274
0.0889123
0.0183906
1.9533
-0.0846058
0.0567096
-0.263516
-0.18124
-0.0443783
1.99086
-0.0188999
-0.0070906
0.0710585
0.231404
0.321545
0.606355
-0.0448737
0.0989006
-0.061856
0.0457948
-0.0839938
1.87837
-0.0146247
-0.0233767
0.0875507
0.0127267
0.365953
0.680679
0.0311487
0.171697
0.628264
0.480367
0.248693
0.401459
-0.119497
-0.398182
-0.141501
0.339799
0.272355
0.863042
-0.0358502
0.020703
0.0554081
0.0355992
0.00283361
1.93228
0.0945018
0.12536
0.111569
0.22992
0.128947
1.67871
-0.0224901
-0.0568154
0.213003
0.205436
-0.00131206
-0.0544323
-0.0326686
-0.20748
-0.171069
0.0263148
-0.0685869
1.98865
-0.0303021
0.150574
0.0651942
0.196792
-0.00041622
-0.0336597
-0.0117339
0.0811772
-0.0654231
0.00536317
-0.093889
1.9024
-0.0522822
-0.0901534
0.000468374
0.039029
-0.0111244
1.95054
-0.0284678
0.060313
-0.049511
0.20251
0.321399
0.609995
0.0573473
0.0682868
-0.0399863
0.367474
0.337115
0.632037
0.0234726
0.152587
0.124645
0.224692
0.0921989
1.6447
-0.0886654
-0.121117
-0.259294
-0.108304
-0.00680592
2.02285
-0.0690838
-0.0428095
-0.00326628
0.118162
0.00848627
1.99998
-0.0348229
-0.0545827
0.0672856
0.242539
-0.00282263
-0.0568839
-0.0171587
-0.0167815
0.16539
0.839156
0.0686118
0.91579
-0.160198
-0.175622
-0.149982
-0.470128
0.152709
2.57938
-0.0559228
-0.359736
-0.203482
0.41068
0.294488
0.866699
-0.0257903
0.0661142
0.199233
0.17199
-0.00313673
-0.0647159
0.0565907
0.10875
0.0327965
0.18156
0.124187
1.68595
-0.0756683
-0.0849708
-0.136021
-0.168294
-0.0488494
1.97977
0.197457
0.540036
0.0796376
-0.620993
0.238093
-0.135118
-0.100937
-0.285979
0.350469
0.71538
0.14583
0.712679
0.0210943
0.148776
-0.002436
0.272918
0.375358
0.645861
0.0692746
0.0653226
0.0848699
0.228458
0.376549
0.64522
0.0444289
0.0931549
-0.0665689
0.133635
0.00992453
1.82804
0.0167371
0.0954941
-0.194801
0.0911484
-0.0202455
1.85374
0.0897026
0.111954
0.364688
0.528311
0.0453448
1.77776
0.0676172
0.147634
0.0741413
0.224104
0.320651
0.592634
-0.0271292
-0.00315281
-0.122012
-0.0368351
-0.074522
1.95659
0.100586
0.0562449
-0.0852577
0.106113
0.0438705
1.83653
-0.0454918
-0.0251628
-0.0732929
-0.072088
-0.0379388
1.92029
0.0451583
0.176816
0.128364
0.202835
-0.0861707
1.66793
0.0274983
0.0585756
0.0816031
0.257064
0.107474
1.67843
0.0311337
0.0606566
0.047292
-0.0300877
-0.53791
-1.28054
0.0794381
0.0789751
0.170992
0.423578
0.255232
0.474552
-0.0854327
-0.105978
-0.0998187
-0.178579
-0.0298044
2.01407
-0.00438234
-0.0989246
-0.118714
0.13249
0.0547327
1.92891
0.0182683
0.0360618
0.173642
0.311395
0.0944907
1.65619
0.052965
0.254659
0.156367
-0.181361
-0.543972
-1.20696
0.0315007
0.030784
0.193947
0.304906
0.0916469
1.64058
-0.038214
-0.0794725
-0.1955
0.0433933
-0.00680865
1.92758
-0.0284981
-0.0297686
-0.133806
0.131735
-0.0738888
1.964
-0.0671918
-0.0413799
-0.0291324
0.110371
-0.013435
1.97836
0.0605646
0.137464
0.35349
0.205329
0.250766
0.43994
0.0426922
-0.102037
-0.0208625
0.352297
0.338586
0.634739
-0.0513897
-0.0922817
0.0104926
0.596581
0.214786
0.721964
0.0109968
-0.207555
-0.169453
-0.0292513
0.0269759
1.88707
-0.127983
-0.344495
-0.181461
0.260305
0.272037
0.849711
-0.0206181
-0.00288747
-0.187025
-0.109444
0.00270412
1.90455
0.0792188
-0.12429
-0.0593355
0.118027
0.0766961
1.87422
0.00855588
0.0281471
-0.00797182
0.0519046
-0.0626389
1.92272
0.0836137
0.0643888
0.038207
-0.0383148
0.0433751
1.82349
-0.0252
0.0485907
-0.208294
-0.110702
-0.0749008
2.00617
0.106483
0.0342809
-0.113412
-0.0301056
0.0708912
1.84855
-0.00974273
0.163773
0.00711674
-0.00869563
-0.0749705
1.97148
-0.0731684
-0.372069
-0.0159065
0.281429
0.282387
0.846452
0.0738761
0.310356
0.0958541
-0.133993
-0.545788
-1.24202
0.051815
0.12613
0.0850996
0.240203
0.118045
1.67934
0.041238
0.282062
0.295994
0.400184
0.0949819
1.64612
0.00230651
0.115122
0.154762
0.0899973
0.330507
0.617083
-0.0519682
0.0024819
-0.168708
0.0218849
-0.0582902
1.98944
0.0413894
0.0162255
0.00734828
0.297852
0.11306
1.666
-0.0427242
0.108983
-0.245601
0.0837783
0.000856856
1.94408
-0.061055
0.0414452
-0.0416533
0.000867629
-0.0607899
1.95307
-0.0721752
0.0061068
-0.189424
-0.0560676
-0.00421273
1.99659
0.035461
-0.0740738
0.105588
0.236081
0.114001
1.68619
0.0113146
0.101704
-0.0476048
0.0499547
0.394172
0.662855
0.0990685
0.164838
0.827544
1.61457
-0.0229418
-0.0755767
-0.0857024
-0.184074
0.222754
0.715776
0.1492
0.726535
0.22013
0.384249
0.107272
-0.51187
0.217773
-0.174784
-0.0897026
0.0570879
-0.176387
0.092466
-0.0325396
2.00763
-0.0450497
-0.156306
-0.110483
0.0563645
-0.0232265
1.91776
0.146726
0.368802
1.00598
0.400921
0.0803217
1.71978
0.000210994
-0.0422821
0.216837
0.420021
0.134499
1.70891
0.669807
-0.782361
0.427908
-0.812253
0.685251
0.268294
0.336289
0.032611
0.176435
0.253324
0.37766
0.644247
0.43944
0.567833
0.21859
0.283967
0.25857
0.345672
0.289597
0.498793
0.284357
0.461501
0.2479
0.509813
0.21579
0.430453
0.555093
0.471027
0.486079
0.257986
0.622168
0.763341
0.158479
0.465526
1.09109
0.459624
-0.762472
0.6032
0.253679
-0.791065
0.316721
0.449499
0.523135
0.658688
0.512216
0.918804
0.624594
0.300343
-0.789296
0.307072
0.446114
0.31145
0.28218
0.500025
0.205772
0.678558
0.286791
0.491543
0.327245
0.287452
0.348027
-0.127748
0.366844
0.368563
0.684168
-0.209091
0.543878
0.34768
0.928546
0.443354
0.704989
0.516714
0.285262
0.348198
0.254197
0.17367
0.319995
0.532844
0.634994
-0.0815303
0.526139
-0.102577
0.401424
0.526755
0.288414
0.358331
0.418672
0.643862
0.65829
-0.120182
0.28003
1.50883
0.312609
-0.0768859
0.5736
0.466549
-0.194167
0.225966
0.249286
0.361098
0.46466
0.438274
0.573371
0.241446
0.458936
0.58421
0.420466
0.281723
0.493759
-0.777134
0.211743
0.591045
0.772304
0.457542
-0.813793
0.443527
0.504745
0.477719
0.564815
0.223379
0.375746
0.272304
0.536179
0.311663
0.492565
0.772977
0.480608
0.626447
0.597942
0.729823
0.514768
0.290121
-0.766015
0.548255
0.445884
0.315519
0.518719
0.489935
0.544202
0.433373
0.608438
0.527986
0.288081
-0.0398418
0.235798
-0.161309
0.565338
0.47194
0.641181
0.706464
2.06028
