3
3
3
24
4
100
1
0
0
6
0
1
0
6
0
0
1
6
0.442869
-0.61611
0.664107
-0.560035
-0.876465
-0.19964
1.09052
-1.5779
-0.948902
-0.817437
0.503945
0.133997
-0.293384
-0.308622
-0.6295
-0.833458
0.941601
-0.548008
0.966026
0.37388
0.210423
-0.0190993
0.541019
0.762947
-1.03112
0.193569
0.911133
0.305686
0.991249
1.06359
-0.109332
1.27518
0.0431048
-0.295658
0.669717
0.288002
-0.124392
-1.07
-1.30074
0.873861
-0.537497
-1.66641
-0.700571
0.780348
0.327456
-0.704975
-0.535218
-1.09836
0.47083
0.855329
-0.0594336
0.360497
-0.0765138
-0.672096
0.183077
-0.927076
-0.283142
0.0696468
0.894662
0.363331
-0.11977
-1.02673
-1.2494
0.838512
-0.118524
-1.01653
-1.23691
0.830194
-1.36579
-0.116077
0.194918
-0.760747
0.263606
-0.32207
-0.410073
-0.859426
-1.2201
-0.40698
0.404045
-0.954802
1.12451
-0.539802
0.744872
0.570352
1
0
0
0
0
0
0
0
0
0
0
0
0
0
0
0
0
0
0
0
0
0
0
0
0
0
1
0
0
0
0
0
0
0
0
0
0
0
0
0
0
0
0
0
0
0
0
0
0
0
0
0
1
0
0
0
0
0
0
0
0
0
0
0
0
0
0
0
0
0
0
0
0
0
0
0
0
0
-0.539116
-0.950903
1.23055
-1.07198
-0.944252
0.437241
-0.994034
-0.312577
0.048725
0.736968
0.859951
-0.381721
0.667945
-1.11523
0.533754
0.771518
1.02868
1.33932
-0.530509
-2.46101
0.531488
0.0144767
-0.629274
-0.204286
0.0100432
0.17619
5.62869
0.168234
0.989832
-0.123214
0.0626815
-5.15024
0.407926
-0.209081
-0.132243
0.217335
0.151437
0.1589
0.983652
-0.137283
0.059135
-4.97772
0.424955
-0.515829
-0.234113
-0.247266
3.90601
0.00221792
-0.00182626
0.00186332
-0.00409069
-0.016864
-0.622466
-0.196338
0.0250845
0.175966
5.44084
0.000209639
-0.00414355
0.0069977
-0.00366647
-0.026622
0.423848
-0.513638
-0.230101
-0.250633
3.8928
-0.636652
-0.200263
0.0125714
0.170424
5.64743
-0.624946
-0.134838
-0.00163156
0.177129
5.24437
-0.630762
-0.198229
-0.00660455
0.175916
5.70137
0.175112
1.00629
-0.0857898
0.0557662
-5.49996
0.413831
-0.208428
-0.0584664
0.215471
-0.334014
-0.179786
-0.248636
-0.236896
-0.277086
6.01972
-0.162747
-0.261674
-0.236026
-0.280195
6.01192
-0.67107
0.0480805
0.00155203
0.191587
4.35793
0.173483
0.995338
-0.152618
0.0680978
-5.04207
0.27534
0.473419
-0.165945
-0.160781
-1.78069
-0.201845
0.428361
0.761692
-0.0888576
-4.37405
-0.239687
0.563589
-0.0734357
-0.23113
0.443758
-0.620254
-0.201242
0.0240137
0.17646
5.46189
-0.28798
0.508055
-0.2612
-0.229301
2.16619
-0.297421
0.512296
-0.253224
-0.228854
2.15662
0.40343
-0.213339
-0.132003
0.217692
0.198647
0.472255
-0.329111
0.581129
-0.0756681
-2.88093
0.473353
-0.328765
0.580009
-0.0761605
-2.8883
-0.202112
-0.227586
0.597613
-0.132484
0.639659
0.275485
0.447829
-0.179835
-0.153138
-1.58505
-0.648611
-0.152055
0.260955
0.185824
3.89056
0.272664
0.46822
-0.160421
-0.163243
-1.75125
-0.00400193
0.0103308
0.00352447
0.00484633
-0.10618
-0.175378
-0.262987
-0.247942
-0.281352
6.16565
0.403319
-0.224023
-0.130856
0.216544
0.257162
-0.627606
-0.196949
0.00652474
0.175826
5.59763
0.400922
-0.193732
-0.131558
0.216576
0.0925558
0.424051
-0.221692
-0.0182638
0.218592
-0.559028
0.425393
-0.514795
-0.23709
-0.243889
3.89744
-0.154272
-0.277374
-0.23026
-0.276363
5.99934
-0.159397
-0.259066
-0.234418
-0.276225
5.93971
0.419629
-0.506662
-0.22288
-0.257604
3.85814
0.398436
-0.207431
-0.148387
0.203965
0.311432
0.000179279
0.00195863
-0.00361895
0.00316905
-0.0151137
-0.634246
-0.183936
0.0461593
0.186061
5.28732
-0.206398
-0.218825
0.594427
-0.128917
0.621725
-0.00365387
-0.00226721
-0.00290774
-0.0046834
0.0467562
-0.634754
-0.154532
0.0249883
0.178206
5.2628
-0.627009
-0.206268
0.0112349
0.177929
5.61651
0.406079
-0.205851
-0.124884
0.215426
0.098203
0.283052
0.481583
-0.155258
-0.161752
-1.93491
-0.631002
-0.207985
0.0154267
0.17805
5.62675
0.423649
-0.519752
-0.232552
-0.248137
3.9353
0.455505
-0.0701513
0.104708
0.224698
-2.40588
0.433762
-0.220008
0.025723
0.223806
-0.901338
0.43776
-0.284162
0.562069
-0.0633105
-2.87199
0.460308
-0.0374812
0.302907
0.237955
-3.8482
-0.387344
0.500206
-0.276541
-0.218866
2.87684
0.411976
0.313956
0.761932
-0.0384184
-7.5468
-0.293119
0.515824
-0.26139
-0.231307
2.17273
0.407015
-0.211755
-0.125198
0.217772
0.129607
-0.194703
-0.215582
0.581489
-0.136356
0.627833
0.416336
-0.206729
-0.106532
0.22293
-0.0776851
-0.625777
-0.195727
0.0170727
0.173282
5.51445
0.416537
-0.22152
-0.101595
0.225683
-0.0277749
-0.626607
-0.197057
0.00843958
0.177461
5.57685
-0.62937
-0.187836
0.168224
0.194761
4.51266
-0.156769
-0.256597
-0.243956
-0.273404
5.95696
0.400936
-0.206959
-0.110435
0.214714
0.0496897
0.404582
-0.222062
-0.135383
0.219813
0.265537
0.413377
-0.215281
-0.0917734
0.222046
-0.101312
0.413354
-0.205756
0.00468545
0.215335
-0.724721
0.452629
-0.10133
0.0413663
0.218676
-1.80729
0.0025416
-0.00312405
-0.00455085
-0.00125539
0.00684472
0.271862
0.466543
-0.156457
-0.160422
-1.77864
-0.297998
0.514832
-0.26034
-0.227776
2.18352
-0.400332
0.493322
-0.259048
-0.223318
2.90341
-0.198295
-0.218417
0.585155
-0.134074
0.639626
-0.224498
-0.194875
0.578499
-0.137173
0.716774
0.430187
-0.521616
-0.228238
-0.246709
3.87551
0.269171
0.469082
-0.157115
-0.15524
-1.80242
0.173277
0.992729
-0.129794
0.0645014
-5.1513
0.153682
1.01649
-0.00436268
0.0449761
-5.88509
0.408326
-0.20274
-0.136378
0.219136
0.134234
-0.202567
0.423425
0.745661
-0.0889097
-4.25708
-0.234933
-0.236536
0.613247
-0.138871
0.815664
-0.316368
0.497747
-0.257197
-0.228108
2.37785
-0.294792
0.50401
-0.262381
-0.22997
2.24353
0.407914
-0.21916
-0.107782
0.218664
0.054808
-0.200006
-0.329468
-0.269445
-0.286824
6.85196
0.416397
-0.207304
-0.0123958
0.216729
-0.630278
0.406453
-0.200994
-0.122934
0.214322
0.0524292
-0.275206
0.0267173
1.00961
0.113296
-3.65709
0.421537
-0.510791
-0.230735
-0.250208
3.88884
-0.366334
0.508653
-0.287218
-0.226229
2.78314
-0.295987
0.508607
-0.268559
-0.230422
2.26711
0.406009
-0.202472
-0.14497
0.221699
0.187346
0.280425
0.480216
-0.171056
-0.165529
-1.81199
0.457867
-0.302847
0.544839
-0.0452679
-2.83772
-0.629553
-0.199652
0.051229
0.181131
5.33703
0.00690474
-0.00197882
0.00801013
0.00128762
-0.103951
0.838634
0.870706
0.867391
0.89458
0.918454
0.00427432
0.895845
0.00143766
0.914475
0.883133
0.912433
0.843592
0.881966
0.869662
0.905393
0.881197
0.871808
0.854207
0.877094
0.840287
0.870002
0.884922
0.874141
0.876956
0.849101
0.828723
0.82213
0.847101
0.932669
0.863269
0.868047
-0.00897978
0.883522
0.859749
0.856122
0.867709
0.872118
0.926524
0.894997
0.896396
0.912896
0.941867
-0.00185894
0.835263
0.875222
0.00660669
0.876303
0.848106
0.868941
0.862347
0.839169
0.911953
0.88282
0.866055
0.855764
0.878625
0.867127
0.861861
0.865503
0.860507
0.858923
0.854964
0.896953
0.853079
0.840817
0.864709
0.945456
0.877578
0.85866
0.858851
0.898591
0.894265
0.00753827
0.888581
0.902033
0.867833
0.857326
0.857304
0.90789
0.905542
0.857211
0.877077
0.869993
0.881663
0.838932
0.891761
0.886569
0.869366
0.878408
0.881902
0.880396
0.866269
0.916529
0.863064
0.86494
0.860839
0.866347
0.911351
0.86402
-0.00451881
0.575978
0.876598
0.923585
0.835205
0.932722
0.84224
-0.00786315
0.889519
-0.00203585
0.837708
0.890826
0.885892
0.864177
0.925655
0.866986
0.853549
0.863896
0.917753
0.90126
0.875604
0.921289
0.940168
0.884694
0.925395
0.923897
0.856902
0.802511
0.81754
0.873492
0.895144
0.887449
0.85493
0.00098686
0.854699
0.836422
0.883046
0.850736
0.861443
0.855548
0.84392
0.861153
0.843764
0.857288
0.00270217
0.886562
0.869338
-0.00644875
0.887463
0.870808
0.853895
0.870699
0.862037
0.836864
0.888341
0.849133
0.820807
0.898438
0.920994
0.906117
0.928093
0.841894
0.879868
0.823603
0.886606
0.834947
0.883015
0.898504
0.862775
0.848321
0.824456
0.839961
0.850952
0.866662
-0.00629136
0.88949
0.934912
0.910434
0.88104
0.883774
0.837446
0.892413
0.911403
0.915363
0.834063
0.946961
0.865826
0.904137
0.914896
0.844411
0.863289
0.848116
0.84964
0.957615
0.84139
0.909235
0.919117
0.836458
0.872344
0.83195
0.882672
0.00028163
0.564087
0.904384
0.852517
0.854961
0.847738
0.850694
0.0206988
0.896624
0.00733236
0.846835
0.903601
0.91625
0.89556
0.855877
0.863653
0.885154
0.86028
0.90763
0.824931
0.801313
0.941726
0.88499
0.899883
0.867458
0.861218
0.849071
0.8797
0.872194
0.908606
0.820808
0.943664
0.814593
0.0139426
0.858485
0.867464
0.898488
0.8585
0.866254
0.856634
0.87736
0.869126
0.850358
0.871554
0.00889847
0.887555
0.939398
-0.0107021
0.928607
0.893613
0.853011
0.814895
0.906285
0.857203
0.88789
0.881497
0.890617
0.89985
0.858756
0.909914
0.84038
0.862227
0.924285
0.86206
0.902763
0.842817
0.895991
0.928458
0.871615
0.867452
0.855374
0.858751
0.896268
0.892571
0.00343233
0.808164
0.855593
0.849323
0.923542
0.928175
0.870611
0.813082
0.842538
0.867407
0.845009
0.944846
0.911522
0.869639
0.878403
0.854652
0.863023
0.891756
0.858668
0.992406
0.845338
0.86544
0.868599
0.853651
0.813427
0.886271
0.906756
0.0121959
0.570725
