4
3
1
300
0.022444
0.149939
0.420246
0.0598144
-0.398888
0.0118743
0.0248022
0.288438
0.205051
-0.626799
0.0582987
0.102197
0.792178
0.170799
-0.828545
0.408711
0.1667
-0.0324682
-0.32358
1.14552
0.350984
0.259639
-0.21633
-0.249783
1.21792
-0.178924
0.0430541
0.443228
0.229457
1.10574
0.033988
0.00722389
-0.203509
0.36265
1.15557
0.234854
0.0395825
0.0455062
0.403123
1.08293
-0.259797
-0.0464631
0.0155017
0.346754
0.968289
-0.0195986
-0.213283
0.508846
-0.184249
1.50042
0.358575
0.00846475
-0.163218
-0.193049
1.33959
-0.145982
0.00924341
0.233291
0.0766427
-0.435925
0.382212
0.0298832
0.0424118
0.291487
1.15134
-0.0355786
0.0989126
0.137142
0.245642
1.16372
0.141644
0.00861999
-0.123879
0.156599
1.24111
0.00203941
0.0122463
0.114175
0.0362384
-0.144373
0.447279
0.0512936
-0.138632
-0.0966989
1.16831
-0.209891
0.0339197
0.0682567
0.0180812
-0.262405
0.33038
0.181805
-0.0210076
-0.329536
1.27202
0.219333
0.011985
-0.13144
-0.233899
1.33654
0.660753
0.0114329
0.1277
0.121441
-0.722749
0.0414274
0.00935868
0.082499
-0.30283
1.26825
0.371955
-0.219642
-0.0423877
-0.16584
1.31833
0.134823
-0.0483472
0.741317
0.036843
1.33368
0.339749
0.111213
-0.121587
-0.270638
1.34886
0.40364
0.2243
-0.0947219
-0.169184
1.29349
0.45731
0.0675462
-0.020626
-0.106471
1.15389
0.243358
0.104894
-0.16968
-0.213588
1.35871
0.402719
0.0402281
-0.0239985
-0.14484
1.21208
-0.0746497
-0.086963
-0.232635
0.331121
1.18152
1.26947
0.137095
0.00655186
-0.000673951
0.374184
-0.36757
-0.0825733
0.11718
-0.314759
1.59983
3.14218e-05
0.0687105
-0.151132
0.268364
1.23381
0.427145
0.21117
-0.147689
-0.134146
1.24519
-0.0966753
-0.119967
-0.107968
0.356125
1.22889
-0.0683828
-0.050249
0.584393
0.0421713
1.33181
-0.00309512
0.0282433
0.271754
0.359253
1.04771
0.392459
0.163205
-0.113983
-0.148974
1.23641
-0.0819341
-0.00707083
-0.265435
0.348355
1.19977
-0.817374
-0.025006
0.0479606
0.0297559
-0.526035
-0.302876
0.0419767
0.347352
0.0824831
1.33559
-0.106707
0.0965502
-0.505615
-0.196396
1.60499
0.363165
0.195722
0.0202884
-0.176333
1.23297
-0.1098
0.00106401
-0.019391
0.404918
1.17365
-0.125405
-0.0150525
0.392609
-0.264167
1.41477
0.0194093
0.0313276
0.285425
0.148837
-0.506003
0.390071
0.0920515
-0.157175
-0.107267
1.17648
-0.0693901
0.029567
0.153674
0.0138041
-0.184451
0.0105584
0.0229707
0.334471
0.202749
-0.634974
0.350999
0.0140775
-0.196841
-0.179616
1.32246
-0.753432
-0.0584292
-0.00188728
0.0397335
-0.509002
1.04603
0.115514
0.00458522
0.00150844
-0.293587
0.0281239
0.0632821
-0.0612362
0.293905
1.116
-0.0341244
0.0466654
-0.317086
-0.202511
1.5957
0.410601
0.036782
-0.0889026
-0.142961
1.2278
-0.503931
-0.0266493
0.0966646
0.078166
-0.580142
0.346328
-0.0609383
-0.191128
-0.305547
1.21109
0.321546
-0.0404023
-0.153983
-0.388332
1.27576
0.284486
-0.0516298
-0.0681247
-0.394805
1.28387
0.0461068
0.000524286
0.307116
0.265547
-0.919655
0.656271
-0.0192789
0.101968
0.0742016
-0.551408
0.241686
-0.252229
-0.0250757
-0.213729
1.43843
-0.18837
-0.141955
0.140468
0.173162
1.18532
-0.0965952
-0.0358815
0.0885173
0.277468
1.14043
0.342532
0.104205
-0.122764
-0.17083
1.2891
0.41305
0.22294
-0.141916
-0.141214
1.23851
-0.202204
0.154184
0.027923
0.0509013
-0.300031
0.233426
0.0164832
0.0179254
0.301603
1.08981
0.175401
-0.0707248
0.494619
0.21823
1.19771
0.812706
0.013848
0.240182
0.112499
-0.722729
-0.259231
0.0299283
0.17383
0.0388728
-0.352176
0.417946
0.247098
0.114806
-0.165231
1.19077
0.395088
0.150721
-0.00886519
-0.180748
1.2789
0.252226
-0.0880304
-0.0315284
-0.233003
1.35216
-0.284079
-0.11221
0.0406023
-0.122528
1.40888
0.404128
0.019249
-0.138581
-0.148622
1.25421
0.0811484
0.299745
0.00405986
0.101562
1.27678
0.35684
0.000803716
-0.134393
-0.161959
1.25363
0.265893
0.0689691
-0.0679872
-0.369906
1.2867
0.867227
0.0261933
0.0496461
0.103732
-0.654463
0.24401
0.144868
-0.0371078
-0.387048
1.32221
0.783639
-0.00589024
0.103579
0.0701137
-0.543943
-0.0188413
0.0368393
0.0773767
0.0272995
-0.14071
0.015572
-0.161019
0.0291703
-0.251319
1.28932
0.377847
-0.0547584
-0.119798
-0.205621
1.273
-0.0744507
-0.0367213
-0.0373796
0.255826
1.00607
0.0351783
-0.0109559
0.13971
0.125484
-0.397505
0.426564
0.114816
-0.0286275
-0.139676
1.20981
-0.182537
0.0632821
0.274791
0.221037
-0.837352
-0.023929
0.0516646
0.225027
0.115166
-0.408257
0.218447
0.100754
-0.182457
-0.228957
1.35566
0.406255
0.189598
-0.106658
-0.177554
1.30889
0.317326
0.102332
-0.109236
-0.206874
1.35739
0.446294
0.192622
-0.0806444
-0.114372
1.19946
0.308448
-0.0244351
-0.183735
-0.286705
1.31837
0.0275789
0.0243366
0.471501
0.285686
-0.895943
0.217759
0.0898735
-0.261991
-0.20058
1.3546
0.360023
0.117821
0.0169966
-0.208984
1.32353
-0.0471133
-0.00173161
0.00102177
0.539048
0.55001
0.439854
0.250291
0.140584
-0.12758
1.18937
0.0552613
-0.102047
0.0968424
0.247382
1.14978
7.65424e-05
-1.21653
-0.114171
0.00255333
-0.396818
-0.00827171
0.0183951
0.247553
0.237175
-0.698558
0.0123162
0.386902
-0.122792
-0.320026
1.20356
0.0233202
0.470622
-0.233715
-0.307629
1.20292
0.0101693
0.0476886
0.172868
0.25452
1.09999
0.0462177
0.0221001
-0.222273
0.287129
1.2069
-0.0693098
0.0149096
0.00714313
0.304889
1.14364
-0.0226482
0.0465596
0.0108812
0.213055
0.792682
0.112108
-0.48292
0.376443
-0.148543
1.41001
-0.0373428
0.273144
-0.180517
-0.202209
1.29388
0.0238926
-0.00612993
-0.14014
0.227077
1.15415
-0.0289084
-0.0625357
-0.169659
0.271505
1.12447
0.0192938
0.319105
0.212822
0.185569
-0.715938
0.0935447
-0.0419816
0.340903
0.211682
1.14211
-0.0048591
0.00505451
0.104545
0.0115324
-0.129089
0.0507079
0.325631
-0.197259
-0.141213
1.16482
-0.0163135
-0.0302799
-0.0454969
0.193802
0.70564
0.0160183
0.426701
-0.0651643
-0.307288
1.25416
-0.0260744
0.324054
-0.18753
-0.156384
1.20853
-0.000815962
0.0141357
0.0795163
0.453541
0.773486
-0.0215898
0.238935
-0.0122724
-0.181482
1.16182
0.0162217
0.407724
-0.0319258
-0.170716
1.20908
0.0604994
-0.123324
1.65419
-0.0312473
1.34126
-0.0229781
0.394259
-0.190153
-0.30008
1.2716
-0.0317348
0.545071
-0.103954
-0.150394
1.27579
0.0585416
0.338476
-0.0805038
-0.154989
1.15577
-0.0360891
0.380135
-0.211781
-0.153122
1.23499
0.0280039
0.306003
-0.066678
-0.182716
1.20674
0.00630551
0.0531995
0.435103
0.248175
-0.813336
0.0343939
0.0610693
0.273207
0.206697
-0.655544
-0.0993025
0.14465
-0.104768
-0.174608
1.24654
-0.0236222
-0.0320438
-0.546157
0.0445361
1.41858
-0.0409793
0.519573
-0.212581
-0.124174
1.24417
-0.0535039
-0.179245
-0.29264
0.322727
1.20902
-0.0481099
0.0263114
1.19733
-0.00446179
1.29812
0.0321847
0.0186688
0.00287212
0.243473
1.14344
0.0226926
0.459103
-0.151176
-0.151257
1.23658
-0.0912287
-0.0231433
-0.260495
0.310949
1.1891
-0.0262345
-0.0550178
-0.0238665
0.255643
0.864895
-0.00579555
0.0761487
0.256355
0.269257
1.12411
-0.0619599
0.481151
-0.280365
-0.136543
1.27237
0.0340173
0.478398
-0.017313
-0.17311
1.24573
-0.0191349
0.0209284
-0.209655
0.340793
1.17736
-0.0665788
-0.181829
0.668122
-0.0462587
1.21737
0.0072237
0.0428635
0.405222
0.254717
-0.797923
0.070209
0.360832
-0.218996
-0.146719
1.18812
0.0090903
-0.609212
0.000665206
0.0257377
-0.391416
-0.0015094
0.0474478
0.260347
0.296189
-0.373623
-0.0212072
0.279857
-0.221845
-0.195687
1.2843
-0.0300737
-0.107625
0.0718132
0.275481
1.11571
0.0396873
-0.145611
0.110588
-0.0054812
-0.19107
0.11472
0.23259
0.874474
0.068976
1.22656
0.124276
0.438582
-0.134562
-0.106238
1.20581
0.00811416
0.310255
-0.128341
-0.175869
1.21453
0.00753791
-0.253678
-0.0318029
0.171345
0.652045
-0.0189909
0.195513
-0.24014
-0.341785
1.20132
-0.0205245
0.225163
-0.175068
-0.409254
1.2563
-0.0654595
0.178399
-0.118117
-0.309103
1.2042
0.000633129
0.491683
0.0637755
0.263066
0.287204
0.023003
0.343088
0.210469
0.193331
-0.682037
0.00184022
-0.583697
0.20646
-0.213292
1.46872
-0.0757019
-0.170502
0.135173
0.255073
1.03847
0.0307935
-0.0513823
0.0481886
0.310907
1.07784
0.010058
0.376867
-0.155727
-0.188949
1.26864
0.00333302
0.535828
-0.165182
-0.131601
1.23707
0.0453151
-0.0863933
0.221925
0.0181483
-0.207442
0.00574075
-0.028949
-0.0599236
0.264785
1.10121
0.13985
-0.00931072
0.54827
0.24949
1.14825
-0.0191576
0.135437
0.31801
0.164251
-0.644841
-0.0294279
0.00195862
0.0311429
0.22494
0.866902
0.0167073
0.518376
0.0352929
-0.294483
1.15179
-0.0185932
0.472716
-0.0267136
-0.174416
1.26857
-0.0466447
0.281692
-0.100744
-0.188806
1.23759
-0.0698665
-0.421508
0.530044
-0.143728
1.32559
-0.0167823
0.29847
-0.172769
-0.176206
1.23719
0.168031
0.483235
-0.13717
-0.0617285
1.17115
0.0286857
0.290915
-0.212339
-0.290543
1.17658
-0.0255632
0.289797
-0.107603
-0.192834
1.24524
-0.116398
0.411437
0.84367
0.0556792
1.27389
-0.012834
0.40861
-0.114199
-0.314386
1.20669
0.0101689
0.337439
0.0977259
0.162056
-0.65471
0.00107905
1.23082
0.124473
0.00401426
-0.341556
-0.0336231
0.0735304
-0.100942
-0.198303
1.15679
-0.00714605
0.210224
-0.148678
-0.210664
1.26222
-0.0391049
-0.153128
-0.499944
0.0247767
1.35044
0.00735875
-0.0917883
-0.0558014
0.266027
0.906249
0.0146303
0.434629
-0.0695067
-0.156401
1.20929
0.00192447
0.0874588
0.356567
0.229408
-0.756389
0.0499514
0.337702
-0.0155915
0.114066
-0.443009
-0.0208404
0.369435
-0.225003
-0.154437
1.22894
-0.0455475
0.506
-0.11843
-0.158519
1.2832
-0.0170141
0.404691
-0.169334
-0.244453
1.2892
0.0101205
0.519035
-0.120666
-0.126527
1.20174
-0.0616731
0.228069
-0.227852
-0.197809
1.24837
-0.0275217
-0.0376875
0.409322
0.2941
-0.94264
-0.027083
0.394664
-0.311494
-0.130441
1.2108
-0.07228
0.424234
-0.0446386
-0.182332
1.2754
0.0358163
0.280594
0.168438
0.0815099
-0.442286
0.0222231
0.578782
0.0919029
-0.149408
1.19666
-0.0140672
-0.0686288
0.0211162
0.29803
1.0762
0.0112728
0.184157
0.334015
0.0365792
-0.300317
-0.0109375
0.00926583
0.0399648
0.377149
1.19055
0.0388346
0.0580232
-0.0157695
-0.293711
1.11902
0.00309902
0.093757
-0.165425
-0.26251
1.16387
-0.0264423
-0.0964707
-0.107082
0.30369
1.03209
0.0125969
-0.141682
-0.548971
0.149889
1.37783
0.0154203
-0.0554509
-0.470234
0.146387
1.35313
-0.0190939
0.0689117
0.239646
0.18469
1.17355
0.114116
-0.00536604
0.82834
-0.0420981
1.31091
-0.052002
-0.207572
-0.0438778
-0.173198
1.24415
0.00172269
-0.0540364
-0.124614
0.257941
1.16581
-0.0373044
-0.048585
-0.101125
0.283098
1.15694
-0.00998674
0.0227587
0.447914
0.272388
1.14774
0.0330368
-0.0894154
-0.450508
0.1396
1.30012
0.0213036
0.00473151
0.178516
0.00825632
-0.244272
0.0557903
-0.165437
-0.0719064
-0.0948578
1.13234
0.00222923
0.0309995
0.326296
0.220902
-0.677777
-0.0345932
0.00457759
0.0413822
-0.29481
1.20669
-0.0271408
0.0929881
0.000969472
-0.110635
1.17457
0.0038483
0.0448108
0.391612
0.172984
-0.594659
-0.0143431
0.260533
0.211766
-0.137729
1.1075
0.00569769
-0.106413
0.11552
-0.099894
1.19257
-0.00331917
-0.00683712
1.5853
0.0872343
1.2075
-0.0573194
-0.0688479
-0.0469932
-0.274414
1.22908
-0.0347717
0.0647408
0.0390676
-0.137543
1.24797
0.0710521
-0.15045
0.0458771
-0.107398
1.12339
-0.0587222
0.0532093
-0.0649218
-0.154655
1.17528
0.0224884
-0.167463
0.0570532
-0.160337
1.15544
0.0113683
0.0441779
0.442617
0.259172
-0.847104
0.00734042
0.0156955
0.0834648
0.256625
0.0115185
-0.0322012
-0.0273297
0.063105
-0.0983649
1.1766
-0.0194406
-0.0902893
-0.4985
0.150558
1.35573
0.0442672
0.317109
0.332757
-0.0432779
1.30165
0.000344776
-0.0463293
-0.207306
0.360026
1.19682
0.00194587
0.00819978
1.46791
0.12577
1.15163
-0.00979081
0.0202992
0.0277122
0.297532
1.09458
-0.00176422
-0.000187956
-0.0324662
-0.159732
1.17908
-0.0016501
0.0126267
-0.164676
0.351051
1.14926
0.000292794
0.0489261
0.169924
0.0726236
-0.405582
-0.0744626
0.126283
0.366677
0.239133
1.15014
0.017249
0.180569
0.431723
-0.0901548
1.36724
0.0120203
0.0697764
0.0605133
-0.211836
1.17425
-0.0176953
0.00363415
0.0246081
0.355949
1.1785
-0.0138724
0.259919
1.02207
0.0914941
1.08775
0.0044132
0.0398804
0.423771
0.251257
-0.792334
0.0861772
-0.0404303
-0.144159
-0.185233
1.10691
0.0112363
0.135727
0.0768724
0.0312642
-0.165779
0.0239774
0.0201555
0.264004
0.174108
-0.544907
-0.0359306
-0.184257
-0.0874979
-0.175245
1.23078
0.0198487
-0.0153773
0.0984603
0.328023
1.08944
-0.00643358
0.0130801
0.0269248
0.0170111
-0.134625
-0.0231912
0.059909
1.24054
0.1423
1.12041
0.117101
0.275516
0.39512
-0.0082395
1.266
0.000349734
-0.188156
0.00292151
-0.13291
1.17527
0.0117769
0.108252
0.26685
0.0210239
-0.216582
0.0044402
-0.218336
-0.132907
-0.315291
1.14169
-0.00963107
-0.150625
-0.0754723
-0.394676
1.17346
-0.0636189
-0.21569
0.0579441
-0.195957
1.19106
-0.00365652
0.012837
0.132853
0.437924
-0.0970201
-0.00513346
-0.00264832
-0.616077
-0.447971
0.465756
-0.0642245
-0.263805
-0.00655154
-0.103463
1.2306
0.00469676
-0.0124594
0.0449483
0.298292
0.989252
-0.0273561
-0.111041
-0.51161
0.129403
1.31489
-0.00894384
-0.052772
-0.0375678
-0.193659
1.20751
-0.0128569
0.0567876
-0.0436043
-0.124528
1.19935
0.0164632
0.161527
0.142102
0.00663839
-0.181554
0.00558618
-0.00634163
0.0280186
0.326083
1.10615
-0.0226051
-0.0115025
0.133135
0.319502
0.985983
0.00722409
0.00241013
0.830552
0.570967
-0.594767
-0.00744945
0.215344
0.0382399
0.0229625
-0.211322
0.0257865
0.100437
0.17475
-0.165739
1.16988
-0.0384166
-0.015605
0.104567
-0.165238
1.22381
-0.0507184
-0.0512108
0.0860682
-0.118056
1.18671
-0.0180604
-0.00234213
0.140198
-0.0919641
1.17415
-0.02222
-0.209325
-0.0364911
-0.130682
1.19975
0.190885
0.269902
0.554071
0.0124417
1.27584
0.0168969
-0.180311
-0.0596986
-0.188553
1.17822
-0.0494486
-0.0117581
0.0477412
-0.189168
1.17677
0.00666828
0.167148
1.34608
0.107245
1.19142
-0.0713303
0.0594783
0.0270965
-0.269747
1.1738
0.0113001
0.0314458
0.340919
0.21789
-0.678697
-0.0142076
0.00180263
0.0322956
0.0282322
-0.163767
-0.017253
0.074642
0.117329
-0.118079
1.10151
-0.0125306
-0.248075
-0.0116588
-0.174946
1.21372
-0.0508271
0.173632
0.55193
0.0277471
1.17322
0.00406764
0.0294358
0.325457
0.251827
-0.757607
0.00974449
-0.0560502
0.059571
-0.122845
1.1757
0.00143546
0.0254242
0.402943
0.28234
-0.851987
0.00182038
0.0339834
0.347452
0.227323
-0.701324
-0.0447766
0.0925649
-0.0735065
-0.161122
1.16528
-0.0493117
0.00983318
0.0273992
-0.13338
1.25422
-0.0508016
-0.048412
-0.0366568
-0.246969
1.22986
0.176798
0.132191
0.10755
-0.0463001
1.18707
-0.0737232
-0.17192
-0.074995
-0.159629
1.19605
0.00677933
0.0443304
0.368698
0.308761
-0.914289
-0.0380115
0.12642
-0.152006
-0.114058
1.16759
-0.106781
-0.0804958
0.0951256
-0.161953
1.23065
-0.0251916
0.236548
0.400922
0.190507
0.99273
0.177507
0.202154
0.316337
-0.0833713
1.18316
0.40039
0.818034
0.71928
0.556749
0.547479
1.18547
1.30474
1.47777
1.06668
1.184
0.648919
0.471084
1.38056
1.13764
1.24491
-0.0571727
0.776487
-0.254009
0.547995
0.728428
0.759819
0.607988
0.880305
1.13399
0.549699
0.710913
0.77585
0.645097
0.703259
0.918832
0.71072
1.0858
1.21416
0.765244
0.934527
0.925871
1.41928
0.674847
1.06552
0.98373
1.18038
1.36599
0.614148
1.09915
0.884515
0.283038
0.6582
-0.0909593
0.736074
0.641786
0.826499
-0.670542
1.23087
1.38953
0.732531
0.625692
0.554504
0.506954
0.590522
0.894305
0.587515
0.933954
1.04064
1.2185
0.617715
0.714445
-0.307077
1.25727
1.31352
0.442899
-0.353135
0.682477
0.69132
0.760293
0.978193
0.735251
1.14173
0.636769
0.591257
0.446028
0.539591
0.547965
-0.0751183
0.66492
0.647939
0.800772
0.396877
0.742543
0.668795
0.300319
0.6272
0.714459
0.580046
0.792516
0.613798
0.973814
0.689069
0.686886
0.869837
0.762628
0
0
0
0
0
0
0
0
0
0
0
0
0
0
0
0
0
0
0
0
0
0
0
0
0
0
0
0
0
0
0
0
0
0
0
0
0
0
0
0
0
0
0
0
0
0
0
0
0
0
0
0
0
0
0
0
0
0
0
0
0
0
0
0
0
0
0
0
0
0
0
0
0
0
0
0
0
0
0
0
0
0
0
0
0
0
0
0
0
0
0
0
0
0
0
0
0
0
0
0
0
0
0
0
0
0
0
0
0
0
0
0
0
0
0
0
0
0
0
0
0
0
0
0
0
0
0
0
0
0
0
0
0
0
0
0
0
0
0
0
0
0
0
0
0
0
0
0
0
0
0
0
0
0
0
0
0
0
0
0
0
0
0
0
0
0
0
0
0
0
0
0
0
0
0
0
0
0
0
0
0
0
0
0
0
0
0
0
0
0
0
0
0
0
0
0
0
0
0
0
0.715454
0
0
0
0
0
0
0
0
0
0
0
0
0
0
0
0
0
0
0
0
0
0
0
0
0
0
0
0
0
0
0
0
0
0
0
0
0
0
0
0
0
0
0
0
0
0
0
0
0
0
0
0
0
0
0
0
0
0
0
0
0
0
0
0
0
0
0
0
0
0
0
0
0
0
0
0
0
0
0
0
0
0
0
0
0
0
0
0
0
0
0
0
0
0
0
0
0
0
0
0
1.11521
-0.876725
0.297346
0.634124
0.593148
1.14176
1.20527
1.47
0.795532
1.12733
0.683857
0.943191
1.1739
0.596778
1.21927
-0.0681993
0.808819
0.63003
0.592512
0.713524
1.24748
0.59905
0.792893
1.28888
0.591845
0.716473
0.814808
0.66501
0.746665
0.998702
0.547606
0.78166
1.14079
0.749557
0.929765
1.03152
1.00862
0.70782
1.00599
0.700879
1.09279
0.729548
0.661643
1.05375
0.740958
1.07409
0.718621
-1.14872
0.252624
0.676486
1.07124
-0.0936837
1.09842
0.832541
0.761029
0.447993
0.624367
0.573731
0.644352
0.263361
0.951295
0.987957
0.836259
1.03662
0.654761
0.728923
-0.10381
1.1645
1.2767
-0.00750545
0.858619
0.702633
0.710458
0.735447
0.900151
0.752157
0.883501
0.679403
0.6347
1.07042
0.568717
0.234259
0.710487
0.646359
0.696068
0.967468
0.912337
0.764011
0.690148
0.377651
0.645651
0.720095
0.609939
0.788283
0.666025
0.350481
0.682065
0.705491
0.329098
0.773155
0
0
0
0
0
0
0
0
0
0
0
0
0
0
0
0
0
0
0
0
0
0
0
0
0
0
0
0
0
0
0
0
0
0
0
0
0
0
0
0
0
0
0
0
0
0
0
0
0
0
0
0
0
0
0
0
0
0
0
0
0
0
0
0
0
0
0
0
0
0
0
0
0
0
0
0
0
0
0
0
0
0
0
0
0
0
0
0
0
0
0
0
0
0
0
0
0
0
0
0
0.765936
0
0
0
0
0
0
0
0
0
0
0
0
0
0
0
0
0
0
0
0
0
0
0
0
0
0
0
0
0
0
0
0
0
0
0
0
0
0
0
0
0
0
0
0
0
0
0
0
0
0
0
0
0
0
0
0
0
0
0
0
0
0
0
0
0
0
0
0
0
0
0
0
0
0
0
0
0
0
0
0
0
0
0
0
0
0
0
0
0
0
0
0
0
0
0
0
0
0
0
0
0
0
0
0
0
0
0
0
0
0
0
0
0
0
0
0
0
0
0
0
0
0
0
0
0
0
0
0
0
0
0
0
0
0
0
0
0
0
0
0
0
0
0
0
0
0
0
0
0
0
0
0
0
0
0
0
0
0
0
0
0
0
0
0
0
0
0
0
0
0
0
0
0
0
0
0
0
0
0
0
0
0
0
0
0
0
0
0
0
0
0
0
0
0
0
0
0
0
0
0
0.970339
0.245368
1.08282
0.660742
0.64239
0.937539
1.18706
1.31881
1.1085
1.11892
0.67755
0.979775
1.25661
1.0315
1.24271
-0.0964579
0.824667
0.704314
0.62027
0.725656
0.85316
0.608893
0.821231
1.43973
0.608176
0.756094
0.837071
0.684628
0.755564
0.85665
0.0540535
0.756175
1.11945
0.932375
0.935626
1.13305
1.13901
0.742805
1.04819
0.206721
1.15775
0.956489
0.696728
1.0766
0.754432
1.00889
0.739256
0.032371
0.372114
0.673695
1.08465
-0.0351184
1.19391
1.00751
0.768191
0.125223
0.611167
0.559361
0.627119
0.340988
-0.453743
0.769155
0.96182
1.04328
0.675948
0.774501
-0.113737
1.37722
1.26197
0.303138
-0.122791
0.764696
0.741246
0.748919
0.756449
0.752436
1.1511
0.683975
0.639943
1.10669
0.593091
0.661653
-0.0208292
0.61893
0.681741
0.846445
0.814817
0.796289
0.749167
0.644199
0.665003
0.755754
0.630144
0.87567
0.656643
0.571162
0.707968
0.724177
0.838327
0.853539
0.767352
