2
2
3
42
3
250
1
0
8
0
1
8
0.354669
-1.21137
0.217337
0.221867
-0.698253
-0.923458
-0.857778
0.742711
0.232677
0.0133722
-0.174348
-0.734895
0.156017
-0.0236512
-0.73783
-0.438915
-0.743573
0.62706
1.03886
-1.3831
0.228081
0.669013
-0.093536
-0.326768
-0.068877
0.674272
-0.00793152
-0.789923
-0.658308
0.271325
0.580033
1.1671
0.0366093
0.810179
-0.351555
-0.777045
-0.0750836
-0.251424
0.792511
0.718368
-0.242236
-0.858889
-0.281824
-0.798633
0.879179
0.750916
-1.24706
0.426406
-0.771784
0.825857
0.0420159
-1.01327
-0.916547
0.678113
0.144535
1.30414
-0.800804
0.134302
-0.0241238
-0.404008
-0.916709
0.0532204
0.749246
-0.470532
0.265418
0.994838
0.865286
0.39121
0.877911
-0.417093
-0.674812
-0.428448
0.224372
-0.89813
0.0249501
-0.466178
-0.763057
-0.284756
0.661689
0.169895
0.802598
0.333751
-0.515211
-0.403575
-0.459173
-0.409426
-0.354502
-0.594283
-0.216562
-0.981913
1.0304
-0.398623
0.288798
1.1121
0.727518
-0.98096
0.231525
-0.720151
-0.650423
0.683108
0.556465
0.757624
0.631816
0.151248
-0.995341
-1.01884
0.577209
-0.998633
-0.328758
-0.432848
0.283787
0.176818
0.638845
1.0054
-0.641095
-0.266519
0.19092
0.597495
-0.180974
-0.153174
1
0
0
0
0
0
0
0
0
0
0
0
0
0
0
0
0
0
0
0
0
0
0
0
0
0
0
0
0
0
0
0
0
0
0
0
0
0
0
0
0
0
0
0
1
0
0
0
0
0
0
0
0
0
0
0
0
0
0
0
0
0
0
0
0
0
0
0
0
0
0
0
0
0
0
0
0
0
0
0
0
0
0
0
0
0
0
0
0.27951
-0.857608
0.345285
-0.734895
-0.73783
0.629615
0.470993
-0.264711
0.0962248
0.269861
-0.485325
-0.688171
0.771806
-0.802292
0.719622
0.461272
0.190998
0.824554
-1.39539
-0.404008
0.775593
1.00851
0.7872
-0.320276
0.284053
-0.175946
0.629088
-0.199988
-0.0988109
-0.877778
0.294793
-0.991415
-0.572981
0.703448
-0.995341
-1.52245
0.350072
0.950736
0.318145
-0.0421665
0.0218311
0.0266703
-0.0388719
0.380932
0.473555
0.107708
0.134994
0.252359
-1.48495
0.0379443
-0.0012818
0.394179
0.086864
0.181655
0.209791
0.341691
-2.66024
0.118282
0.0814148
0.388713
-1.26922
0.237549
0.0306648
-0.300028
1.04905
-0.0772499
0.395564
-0.538833
1.51542
0.407001
0.0880833
-0.262198
-1.05247
-0.0706886
-0.0808036
0.343484
1.52299
0.314692
-0.0727328
-0.366533
1.38625
0.194374
-0.280772
-0.502514
4.62536
-0.0153996
-0.0332395
0.391629
0.677387
0.323464
-0.0377903
-0.352858
0.983132
0.390005
0.0204048
-0.269872
-0.30684
0.378992
0.100188
-0.295714
-0.815284
0.105007
0.324535
0.246923
-2.99257
0.356166
-0.11463
-0.333928
1.23461
0.0539367
-0.650815
0.234202
3.1472
0.182191
0.232051
0.343587
-2.81802
0.0226163
-0.0227682
0.335848
0.335733
0.426054
-0.0378558
-0.239749
-0.31275
-0.22583
-0.140641
0.223148
2.50199
0.354949
0.0970409
-0.316589
-0.459083
0.368439
0.0247024
-0.310414
-0.0566552
0.354701
0.0161417
-0.328205
0.328698
0.0886684
0.089017
0.383875
-1.04629
0.359997
0.172479
-0.304255
-1.22102
-0.0298421
0.024123
0.369228
0.334251
0.333473
0.0193455
-0.33913
0.404452
0.194051
0.129644
-0.344758
0.752132
0.0179856
0.311948
0.105925
-3.16902
0.0146832
-0.0435335
0.37835
0.596922
0.34556
-0.0405855
-0.341844
0.89601
0.18791
-0.103468
-0.0228156
1.37949
0.200516
0.166461
-0.361347
0.466342
0.333899
0.0071909
-0.36261
0.711871
0.0198439
-0.109137
0.382815
1.01904
0.239082
0.133148
-0.074378
-0.738838
-0.00764334
-0.0488611
0.38953
0.759746
0.0460984
-0.00704532
0.344217
0.0343574
-0.0155555
-0.186767
0.390922
1.90014
0.252754
0.225453
0.22127
-2.83637
0.095997
-0.00159605
0.394543
-0.46744
0.18731
0.200321
-0.335967
0.19673
-0.0632203
-0.107948
0.349607
1.73456
0.210425
0.0454266
-0.409034
1.56943
0.436508
0.0142975
-0.234268
-0.850902
-0.0676882
1.21931
0.289416
-11.4748
-0.0088034
-0.0869896
0.382063
1.13056
0.223559
0.148256
-0.417592
0.658628
-0.321431
-1.12198
3.26674
1.3185
-0.213964
1.22155
0.0549239
-9.64943
0.0826116
0.149102
0.00526034
-2.09403
0.0492984
0.0427235
0.0216783
-1.00616
0.0740303
0.383319
-0.00317191
-4.03379
0.125313
0.048065
0.0289409
-1.75495
0.413245
0.55552
0.04941
-8.06559
0.0199601
0.15527
0.005881
-1.674
0.235563
0.188776
0.0101154
-3.8277
0.0145123
5.09797
-0.256814
-35.926
-0.331542
-0.526628
0.527287
6.66477
-0.243528
-0.91487
1.67923
6.7601
0.0259634
0.205828
-0.000975111
-2.04512
0.180145
3.81186
-0.149136
-28.4165
0.232417
0.0567377
-0.000220563
-2.54496
-0.0944572
7.5361
-1.92346
-53.9582
0.0216842
0.264102
-0.000802532
-2.61665
0.695974
-0.342449
0.10596
-4.57367
0.0148687
0.0857576
-0.00600737
-0.912934
-0.495474
0.10068
0.407807
6.41121
0.0919353
0.245494
0.00883146
-3.06889
-0.126096
1.45863
0.00840145
-12.0405
0.0413144
0.205257
0.00591007
-2.23609
-0.0895135
3.70419
0.201238
-32.277
0.0716572
0.125932
0.0104086
-1.84873
0.0396949
0.155673
0.000183893
-1.72499
0.0859869
0.130091
-0.00191641
-1.90541
0.207919
-0.484028
0.00708495
1.4826
0.286152
0.212096
-0.0292402
-4.41877
0.103631
-0.313707
0.0788077
0.713354
-0.118567
0.606006
0.685439
-9.45579
0.196846
0.194341
0.017011
-3.5914
0.089575
0.0897833
0.00566723
-1.67159
0.12381
0.251161
0.018338
-3.45933
0.303528
0.130149
0.00309412
-3.87663
-0.0212784
4.42624
-0.232911
-30.9457
-0.00259409
0.292427
-0.0240598
-2.58629
1.49894
-0.0847698
0.00168071
-12.6339
0.173743
0.625994
-0.351715
-7.1271
0.0471967
-0.22408
0.0050855
1.03418
0.0636931
0.0124251
0.0110522
-0.756263
0.0771094
0.194397
0.00170653
-2.42744
0.0717542
0.161912
0.00401221
-2.0873
-0.136106
2.42705
0.722918
-21.1724
0.486322
-0.251503
0.144228
-3.59362
0.0203503
0.159819
0.00977241
-1.70588
0.0779783
0.29983
-0.00383994
-3.33383
-0.222
2.01547
0.766136
-21.1031
-0.0748319
1.97086
1.68235
-26.1042
0.91496
0.132132
-0.0124178
-9.22476
0.0166168
0.372849
-0.000584508
-3.48215
0.00236466
0.0100153
0.0146256
-0.217679
0.0716617
0.136769
0.00619818
-1.8915
0.0278589
0.155366
0.00187258
-1.64269
0.18851
2.27048
0.14144
-17.2017
0.0789293
-0.738348
1.55493
3.34708
0.197867
0.21105
-0.0105989
-3.61396
0.00820493
0.222019
0.00536906
-2.10564
0.596172
0.514228
-0.224845
-9.80724
0.0583834
-0.333054
0.489456
2.76483
-0.0224463
0.154429
0.00936745
-1.28566
-0.0727944
4.86892
-0.47737
-39.8171
0.902608
-2.33804
-0.65244
8.92428
-0.00218808
0.150445
0.00473594
-1.38249
0.00318847
0.205594
-0.000196334
-1.84166
-0.00571903
0.346063
0.012157
-3.11674
-0.565168
3.27763
1.09679
-28.79
0.0616928
1.39406
-0.253297
-12.9523
0.0214045
0.204817
0.00898558
-2.08551
-0.0368851
4.28735
-0.130592
-28.9702
0.199433
0.631348
0.37935
-10.0932
-0.000184394
0.119828
-0.0050058
-1.1108
0.0695155
0.176488
0.00448173
-2.24266
0.146503
0.339864
-0.000702769
-4.29195
0.00273554
0.250522
0.0146722
-2.39583
-0.317667
2.65134
0.678133
-16.8386
0.0370831
0.201398
0.00596131
-2.14814
0.485786
0.15549
0.00983836
-5.78689
-0.0405339
0.222994
0.00992763
-1.75253
0.0460717
5.74318
-0.786114
-40.9231
0.00525532
0.265219
0.00185374
-2.41487
0.000510278
0.0353221
-6.55994e-05
-0.320883
-0.0502714
-1.9801
1.40647
11.1317
0.193808
-3.47876
-0.836867
24.4713
-0.0151569
0.389528
0.0144127
-3.43057
-0.327507
0.940519
0.0845486
-6.59392
-1.07368
-0.883369
-0.0875966
21.6345
0.0182993
0.164005
0.0140197
-1.73623
0.051134
0.105093
0.0601882
-1.82648
1.08419
-1.57212
-0.420511
2.52185
1.18451
-1.24952
-0.35713
0.65122
0.133704
-0.447054
0.678568
0.971988
0.777265
2.58769
-0.152848
-29.6345
0.517387
2.3644
0.234749
-26.1016
0.041787
0.167863
-0.0014941
-1.89937
0.320929
-1.69717
0.024372
8.82645
0.86822
1.12939
0.270735
-15.5905
-0.376647
2.52563
-0.098557
-12.3518
-0.00568966
0.140533
0.0226796
-1.38481
0.00983963
0.188866
-0.00467512
-1.75102
-0.281821
-0.852935
1.48545
6.7694
0.0591389
-3.19295
0.970063
22.0246
-0.0829229
2.57934
0.0911667
-16.4812
0.00277869
0.0969375
-0.00173312
-0.979627
0.187267
0.913296
-0.0079305
-9.69375
0.0292327
0.124344
-0.00138787
-1.36626
-0.805716
2.60366
0.941614
-21.7864
-0.244994
2.56388
0.0473965
-14.7232
0.201615
2.295
0.132949
-17.4747
-0.0125262
2.28844
0.0359671
-20.3168
0.0188001
4.46667
0.197572
-39.6927
1.78119
2.2717
0.213523
-28.7051
-0.124425
0.518198
0.475705
-7.11653
0.0163252
0.0912589
-0.0104022
-0.959692
0.00346204
0.271273
0.00120923
-2.42674
0.310478
-2.62814
0.842131
15.5278
-0.08043
4.58483
0.051945
-37.8754
0.0045327
0.210758
-0.00269771
-1.92101
0.0475319
0.310138
-7.14259e-06
-3.15659
0.267023
0.148223
0.0236916
-3.83251
0.0580144
0.148097
-0.00290733
-1.82192
0.193172
0.103945
0.0149087
-2.73981
0.0598573
0.265264
0.0266471
-3.15124
0.00450098
0.152367
0.00467906
-1.57221
0.0282334
0.167865
-0.000955129
-1.74391
0.0469635
0.188237
-0.00183868
-2.06977
0.130405
-1.46447
0.0376379
8.78602
0.260488
-0.100843
0.0298355
-1.81976
0.36204
-0.968318
0.03575
3.3105
-0.355688
1.03892
0.0971061
-7.40388
0.0594594
0.514313
-0.00804663
-5.05854
0.017624
0.174341
0.00369098
-1.71749
-0.243925
3.36132
-0.149949
-20.9868
0.0553254
1.10095
0.27718
-12.2879
0.475035
-3.13749
0.587384
16.9042
0.389807
0.456665
0.0298632
-7.67452
0.00399888
0.278998
0.00582239
-2.54834
0.245008
0.260433
-0.00717824
-4.48596
-0.00437749
2.56516
0.130517
-17.2955
-0.0698429
-2.30608
1.23705
16.7213
0.0321682
0.165013
-0.00989886
-1.736
-0.0131518
0.181634
0.0114859
-1.59225
-0.00955316
0.247079
-0.01784
-2.14695
-0.71861
0.822772
0.0900726
-2.8588
0.231884
0.115412
0.0186926
-3.23692
-0.208544
-0.446648
0.69688
6.18559
-0.00247253
0.301744
-0.000297504
-2.64882
-0.347686
5.1823
-1.08869
-37.5417
-0.123022
2.55267
0.0306384
-15.5123
-0.0554767
-5.36188
0.127587
38.9581
0.00898913
0.0912867
0.00167134
-0.951512
-0.750587
-0.456165
0.102784
14.4503
0.00718791
0.225812
0.00604741
-2.11966
-0.00286998
0.0832996
0.000993716
-0.773512
0.214599
0.560612
0.0786806
-7.42699
-0.00881915
-6.44283
0.699846
46.472
-0.156698
0.979204
0.404479
-10.4371
-0.0756371
-0.546179
0.891307
4.66427
0.0746871
-0.236219
0.246349
-0.881501
0.805541
0.914692
0.0653546
-15.1947
0.0447965
0.232495
0.015822
-2.55985
-0.204812
1.89658
1.27585
-22.5731
0.238357
2.65226
-0.44767
-25.4522
0.224159
1.18199
-4.17077e-05
-12.3837
1.48631
0.853234
-0.630243
-20.6919
0.0928018
0.372232
0.00226836
-4.1169
0.757241
-0.0203893
0.299565
-7.10716
-0.431276
3.63557
0.925826
-23.1225
-0.0718323
0.149182
0.570833
0.67197
0.11539
0.434088
-0.017481
-4.84111
0.0966089
0.0541575
-0.00214473
-1.33641
0.471086
0.700438
-0.0218243
-10.3171
-0.0883848
0.577201
0.0230744
-4.63051
0.0318958
0.195257
0.0170094
-2.15944
-0.780532
-0.565744
0.071025
15.6296
0.397558
-3.2728
-0.832504
20.0497
0.00154231
0.343929
-0.00198468
-3.04105
0.242471
-0.982228
0.0296324
4.50029
-0.54199
3.57794
1.16547
-30.6119
0.0457621
0.259191
0.00080819
-2.69822
0.00720548
0.0209901
0.000161069
-0.253145
0.107962
0.381483
-0.00544128
-4.33022
0.123389
0.350602
-6.94872e-05
-4.18459
0.229978
0.164527
0.00358988
-3.52721
-0.0138895
-0.0276971
0.0144786
0.181601
0.28694
0.245484
-0.00323891
-4.68697
0.254584
0.0279645
0.00543408
-2.52919
0.550074
0.909385
-0.00189473
-12.9173
0.10386
0.248528
0.00606298
-3.15066
0.0337411
0.166496
3.47515e-05
-1.81459
0.0474649
0.165599
-0.000843436
-1.87581
-0.0156621
0.299979
-0.0048828
-2.56366
0.0603594
0.45978
0.00154732
-4.60198
0.0118725
0.269213
0.0028289
-2.50031
0.319065
0.551958
0.0673215
-8.17896
0.401736
1.73804
0.628272
-18.0051
-0.264523
3.82923
0.727348
-27.7583
0.0197407
0.303107
-0.00731166
-2.84328
0.0413916
0.0659064
0.0247453
-1.12798
0.0497127
0.203606
-0.000277766
-2.2342
1.17665
0.710579
1.44409
1.51497
1.35392
1.25005
0.983027
1.21716
0.848697
1.02377
0.942212
1.30434
1.03243
1.21362
1.13374
0.725213
1.06317
0.46743
1.45158
0.832269
1.2421
0.102868
1.12011
1.11043
1.12996
1.3091
1.09171
0.897447
1.05139
1.16781
0.147314
1.27258
1.10091
1.42913
1.14552
1.06897
1.08594
1.45709
1.23977
1.01448
1.06113
1.38218
1.49324
1.18947
0.973063
1.03564
1.2515
0.660317
1.26212
0.971765
0
0
0
0
0
0
0
0
0
0
0
0
0
0
0
0
0
0
0
0
0
0
0
0
0
0
0
0
0
0
0
0
0
0
0
0
0
0
0
0
0
0
0
0
0
0
0
0
0
0
0
0
0
0
0
0
0
0
0
0
0
0
0
0
0
0
0
0
0
0
0
0
0
0
0
0
0
0
0
0
0
0
0
0
0
0
0
0
0
0
0
0
0
0
0
0
0
0
0
0
0
0
0
0
0
0
0
0
0
0
0
0
0
0
0
0
0
0
0
0
0
0
0
0
0
0
0
0
0
0
0
0
0
0
0
0
0
0
0
0
0
0
0
0
0
0
0
0
0
0
0
0
0
0
0
0
0
0
0
0
0
0
0
0
0
0
0
0
0
0
0
0
0
0
0
0
0
0
0
0
0
0
0
0
0
0
0
0
0
0
0
0
0
0
0
0
0
0
0
0
1.33475
0
0
0
0
0
0
0
0
0
0
0
0
0
0
0
0
0
0
0
0
0
0
0
0
0
0
0
0
0
0
0
0
0
0
0
0
0
0
0
0
0
0
0
0
0
0
0
0
0
0
-1.23734
2.15789
0.0021799
-0.00743593
-0.108593
-0.00340819
-0.12247
0.00085221
-0.0246128
2.14428
0.41666
-0.431802
0.000820138
0.53735
0.000219268
-1.89492
0.00310907
-0.406319
-0.00302348
1.83335
1.22515e-05
0.00837102
0.00186573
0.513381
-0.0343916
-0.000606129
0.00109227
-0.0109443
0.00359627
-0.0623011
2.93921
-0.0182766
-0.00243893
0.00493916
0.00407916
1.18234
-0.00483558
0.0059776
1.01384
-0.00837665
-0.00341815
-0.0236101
0.00498899
0.392089
-0.534999
0.00551986
-0.0341574
6.10619
-0.660141
-0.0160824
0.0011802
-0.0524243
0.00412982
0.00698279
0.217312
-0.597528
-0.0254744
0.00276903
0.410888
0.501193
0.00341994
-1.41045
-11.2975
-0.00123122
3.7742e-05
-0.000613908
0.391869
-3.55491
0.00581334
2.20435
-2.61157
0.000350468
-0.00993324
0.0205246
0.00704694
-1.2563
0.0021299
0.00877565
0.00593802
2.78754
0.000653802
0.00021557
1.32524
-4.16999
0.00234425
2.50764
3.02009
0.00442929
-0.0654154
-1.33939
-0.280095
0.321956
-0.330994
-0.947989
-0.00461352
0.254994
0.193969
1.45036
0.00875341
-0.000210772
-0.248129
3.67979
0.879687
-0.0117202
0.00900236
0.00495756
0.789875
1.05986
0.204637
0.00186171
1.37805
1.95357
0.411216
0.00130286
0.000766184
-0.436397
0.463279
-0.000982459
-0.00160098
-0.00827601
-0.00756661
0.00215349
-0.00120595
0.0121363
0.00236013
0.00315451
1.68035
-0.0461049
0.408896
2.56046
-0.000429268
-0.00065944
0.565218
0.00886362
0.405828
-0.084367
0.00281328
-0.0104986
0.739779
3.03224
-0.00353383
-0.000660187
0.00534886
0.286154
0.00147401
2.51373
-0.00294649
-0.821337
1.04917
-3.54992
-4.82226e-05
2.11742
0.00162961
0.00065408
-1.00843
-2.22641
1.64466
2.99118
0.00139526
0.388558
0.000199527
1.37451
-6.82485
0.975767
0.110712
0.00706594
0.138102
-5.77655
1.07072
-0.0232305
0.0229866
-0.39727
0.0295856
0.00465408
2.08739
-26.6593
-0.000566545
0.249939
0.403254
0.00309767
0.000289534
-0.00539203
0.00303997
-0.0100766
-0.0717995
0.00660296
-0.00643462
0.0138952
0.0187826
0.000497597
0.00179887
0.00973598
-0.000165173
0.0005584
-0.87505
0.477424
-1.70021
0.000281033
0.000445271
-0.00239964
6.82786
