3
3
3
28
4
600
1
0
0
20
0
1
0
20
0
0
1
20
-0.746574
-1.45107
0.187521
0.765153
-0.575941
-0.450859
0.481314
-1.02809
0.0148688
-0.683349
-0.120324
0.732435
-0.0920591
-0.271414
-0.65004
-0.797587
0.792923
-0.74139
0.705124
-0.932616
-0.0505129
-0.224299
0.332172
1.08803
-1.41411
-1.85873
-0.25069
-0.0688699
0.954019
1.29801
0.21566
0.718288
-0.903311
-1.37872
0.0449218
0.266717
-0.307103
-0.911486
-1.21809
0.758179
-0.791847
-1.89207
-0.208767
-0.387777
0.896501
-0.379602
-0.560217
-0.918169
0.097706
0.610603
-0.281793
1.30737
-0.0241238
-0.790288
0.0508329
-0.827377
-0.690098
-0.179338
0.521101
0.897752
0.176453
-0.555838
-0.742016
0.933268
-0.75606
-1.57946
-0.811413
0.310908
-0.922229
0.458054
-0.793269
1.00678
0.253298
-0.445702
-0.401522
-0.851042
-0.259828
-0.951222
-0.681499
-0.391661
0.942972
-0.729896
0.451353
0.98961
0.478175
-0.453876
-1.04504
1.37129
0.57511
0.202448
0.224341
1.38076
-0.698973
-1.56194
-0.0418367
-0.505243
-1.09301
-1.12211
-0.104276
0.300883
1
0
0
0
0
0
0
0
0
0
0
0
0
0
0
0
0
0
0
0
0
0
0
0
0
0
0
0
0
0
1
0
0
0
0
0
0
0
0
0
0
0
0
0
0
0
0
0
0
0
0
0
0
0
0
0
0
0
0
0
1
0
0
0
0
0
0
0
0
0
0
0
0
0
0
0
0
0
0
0
0
0
0
0
0
0
0
0
0
0
0.681621
-0.636933
0.813273
-0.695553
-0.712831
0.732918
0.912623
-0.421389
0.721406
0.474773
-1.43687
-0.136017
0.861022
-0.827377
0.698496
0.522696
0.790786
1.02208
-0.5711
-0.944971
0.605011
1.36641
0.819932
-1.59945
0.812858
0.520775
0.0152112
0.323879
-0.00527551
0.00184533
-6.89212
0.179674
0.547348
0.157546
-0.000499919
-18.071
0.0293511
0.289371
1.18227
0.00468087
-30.7807
0.0419312
0.223376
0.355963
-0.00336962
-12.7401
0.00344234
0.471017
-0.211577
-0.00331175
-5.64102
-0.00500792
0.0741638
0.772881
0.00179991
-17.315
-0.00516594
0.439608
0.0444902
-0.00363417
-9.82319
0.00644004
0.0272804
0.349279
-0.00121343
-7.83072
-0.0160653
0.0384662
0.0775699
-0.00111592
-2.06948
0.0263436
0.158783
-0.207177
0.00528587
0.0992093
0.0167342
0.240886
3.33247
0.0569702
-74.8972
-0.0330877
0.16418
-0.151875
-0.00257265
0.174904
-0.0248788
0.111722
0.182856
0.000813381
-5.54801
-0.153762
0.0699593
0.221793
0.000574022
-2.98414
0.121042
0.637178
-0.611988
-0.339343
3.06056
-0.346533
-0.020543
0.215904
0.00430882
2.58284
-0.0403744
-0.023907
0.183978
0.0017184
-2.60786
-0.395631
-0.141617
0.138094
-0.0030243
7.49193
0.00597533
0.0489933
0.352312
0.00163228
-8.40477
0.0057564
0.0378194
0.228741
0.00450158
-5.6945
0.0394043
0.322284
-0.789664
0.00211948
7.86921
0.00874311
0.0562907
0.456112
0.00280922
-10.7529
-0.0407706
0.00249444
-4.62113
-1.31516
109.779
-0.181757
0.790676
0.0710739
0.00126638
-14.1163
-0.0248372
-0.0182402
0.321573
0.000737155
-5.7615
-0.100188
-0.87569
4.21423
0.43225
-70.4558
-0.0104542
0.049751
0.178084
0.000903536
-4.47308
-0.103451
0.183718
0.423272
-0.000600314
-10.4344
-0.0324041
0.124747
0.353398
0.00149932
-9.21733
0.0288386
0.0362669
0.364848
0.00485485
-8.92418
0.266956
0.395457
0.293342
0.00267018
-19.5953
-0.0568801
0.0257934
0.592951
-0.00130524
-11.5686
-0.0462872
0.0974474
0.0175158
0.00252118
-1.53148
0.00573658
0.113573
0.314739
0.00198422
-8.94067
-0.0407774
0.0161377
1.39479
0.0421747
-29.1656
0.027151
0.102634
0.0983522
0.0062543
-4.82335
0.0125758
0.0235555
0.0820727
-0.000482158
-2.42925
0.00948053
0.221134
0.449716
-0.000119955
-13.9421
0.0597725
0.996763
2.69735
0.0554151
-78.2557
-0.288124
-0.207937
0.197747
0.00603813
5.44812
-0.0343445
0.536906
-0.183416
0.00261102
-6.78446
0.00259629
0.0534788
0.535412
0.00611771
-12.2554
0.0450147
0.265593
-0.317989
-0.00168902
-0.189296
-0.0662384
0.174259
0.166515
0.00577096
-5.814
0.0980693
0.0404314
0.220085
-0.000425805
-7.36268
-0.0514567
0.510271
-0.338028
0.00114476
-2.88293
-0.0368161
0.0357763
0.292891
-0.00115797
-6.00453
0.195239
0.493315
0.126179
0.023059
-17.2233
0.0152133
0.0340067
0.617111
0.0673452
-15.3578
-0.0930208
0.212498
0.022621
-0.00278509
-3.03428
0.0187258
0.236502
1.87517
0.125801
-46.8107
-0.0409145
0.0829208
0.584141
0.00316174
-12.8981
-0.0408886
0.0201187
0.145129
0.00055811
-2.69629
-0.0772933
0.099164
0.201433
0.00481095
-4.75362
-0.0173174
0.018728
0.156833
-5.64195e-05
-3.2968
-0.369432
0.306609
0.242488
-0.00230925
-4.05674
0.0250297
-0.00549639
0.362419
-0.0013226
-7.87903
-0.0354357
0.183851
0.122721
0.00405533
-5.68836
0.564779
0.790592
-2.61895
-0.481004
31.4686
0.0812935
0.133465
0.68472
-0.00513009
-18.4253
0.0213312
0.13056
0.847856
0.00191672
-20.4552
0.0256258
0.191338
3.55762
-0.00161929
-77.0331
0.0420897
0.389283
0.211589
-0.00450753
-13.1936
5.64828
3.1634
4.36339
-0.0963562
-254.148
0.00583637
0.0869818
0.347269
0.00374451
-9.12881
-0.0168349
0.0427112
0.344442
-0.00429733
-7.61469
-0.0141172
0.0271532
0.335929
0.00242037
-7.3155
0.114885
0.767593
0.564515
0.00585802
-29.7011
0.01122
0.0906911
0.384416
0.00587055
-10.0846
-0.0994642
0.0877605
0.131493
-0.000521528
-2.56174
0.178536
-0.14594
0.595206
0.000971034
-13.0369
0.00481925
0.0339028
0.393962
0.00368835
-8.94612
-0.0296168
0.100866
0.47401
-0.000808985
-11.1602
0.00812612
0.0886347
1.03239
0.00186634
-23.2741
0.0656205
1.53253
0.683794
-0.000161197
-46.5775
-0.00786258
0.0633831
0.110165
0.000830214
-3.43725
-0.0312732
0.0305174
0.356652
-0.0017631
-7.31941
-0.0295451
0.0596444
0.136132
0.000251073
-3.42711
0.000684883
0.0454629
0.2198
0.000613894
-5.4841
-0.0358481
-0.01019
-5.03905
-1.25177
117.221
-0.0165169
0.0580925
0.0775747
-0.000452053
-2.49801
-0.0195829
0.0450938
1.38003
0.00461533
-28.8253
-0.228531
-0.0822953
0.229862
0.00122046
1.32839
0.0271606
0.0830267
1.62862
0.518097
-36.6086
-0.0255119
0.0762253
0.449703
0.00184198
-10.2941
-0.0703664
0.0181829
0.0539554
0.00353544
-0.209129
0.0535192
0.506372
0.0844988
0.00555552
-13.3843
-0.0478895
0.0203605
0.217776
-0.00211372
-3.94721
-0.00675239
0.0964471
0.896372
0.00394721
-20.265
-0.106188
-0.0133186
0.196464
0.0014852
-1.72341
-0.943912
0.0732385
1.09065
0.63541
-12.3075
-0.111123
0.292684
0.179889
2.50135e-05
-7.48301
-0.023681
0.13318
-0.0964789
0.00853323
-0.692271
-0.0414214
0.0592095
0.418877
-0.00323413
-8.98139
0.0317352
0.224332
2.43253
-0.000552056
-54.8897
0.0830816
0.130641
0.0874787
-0.00104525
-6.17861
-1.00311
-0.0370163
-1.48198
0.633238
42.5376
0.0130369
0.0608906
0.509061
0.000921216
-11.9541
0.0989895
-0.244117
1.05018
0.00012408
-18.6906
-0.149156
0.249144
0.0771458
0.00217984
-3.81752
-0.0035569
0.0370674
0.214006
-0.000110198
-5.10937
-0.0726609
0.0489592
0.458393
-0.000628567
-8.99432
-0.0714291
0.194768
0.0533792
0.00394672
-3.79201
-0.00915328
0.391171
-0.508046
-0.000120936
2.09828
0.0202311
0.119773
0.184486
0.00162949
-6.66566
0.0441706
-0.000128951
2.31347
0.638781
-57.0579
-0.292016
0.015196
0.122385
0.00323061
2.7878
-0.0202188
0.0538549
0.39362
0.000413659
-8.74984
0.0528014
0.0441901
0.346128
-8.27959e-05
-9.13661
0.050467
0.118067
0.433111
-0.00170678
-12.4027
0.0473915
0.0431947
0.791713
0.00476858
-18.1295
-0.000766175
0.0536354
0.154429
-0.000122987
-4.23625
0.0515377
0.0437831
0.0441061
-0.00198691
-2.90102
-0.0678824
0.142721
0.0478273
0.000630953
-2.61036
5.12248
3.35376
4.49685
-0.0740287
-250.581
0.0226478
0.011071
0.215701
-0.00034822
-5.11614
0.00962228
0.0370876
0.866102
0.00195026
-18.7191
-0.0203578
0.012309
0.118517
-0.00209408
-2.37296
-0.102216
0.20959
0.0931105
0.000231644
-4.21905
-0.0582926
0.0612458
0.307237
-0.000842988
-6.43928
0.105454
0.518171
-0.0904599
0.00346073
-11.0481
-0.00385489
0.0887828
0.417345
-0.000569977
-10.301
0.0275915
0.395623
0.421885
-0.00167196
-17.27
0.0180463
0.244787
0.29952
-5.71373e-06
-11.5326
-0.0421366
0.104835
0.177451
4.71012e-05
-5.00669
0.0458157
0.0151031
0.347513
-1.48672e-05
-8.35172
0.0133801
0.050762
0.137932
0.0520942
-5.54937
-0.0900828
0.146775
0.436022
0.000206841
-10.1487
-0.00135506
0.0497818
0.511829
0.00376718
-11.5287
0.0829141
0.561215
0.279365
0.00465425
-19.0981
0.00142499
0.030124
0.324558
-0.000400856
-7.27901
-0.0204333
0.0627517
0.468252
0.00233323
-10.5296
-0.0366407
0.0153822
0.192679
-0.00125214
-3.58751
0.0102685
0.0516179
0.125365
0.0037747
-3.97882
-0.0117238
0.104544
0.50181
0.00350173
-12.2386
0.0865149
0.241053
4.04757
0.549619
-96.3184
0.0117607
0.113085
0.565527
0.00298636
-14.1627
-0.0329604
0.0987695
0.524342
-0.000413259
-12.0816
-0.1323
0.583904
-0.242751
0.00134085
-4.63606
0.0412521
0.0402119
-0.026191
0.00151984
-1.25878
-0.000300393
0.0557945
0.319999
0.00142367
-7.715
-0.00939147
-0.0230091
0.114816
-0.00152479
-1.78247
-0.0282064
0.00962968
0.084159
-3.97556e-05
-1.43992
0.183233
1.71858
-0.417829
0.00175875
-30.7051
-0.0321669
0.164095
0.19176
0.000394665
-6.64314
-0.00123501
0.0253171
0.146295
0.00051316
-3.49038
0.00646649
0.0743783
0.393907
7.44173e-05
-9.69661
-0.0349847
0.0210716
0.44881
-0.00166847
-8.9411
0.0349528
0.44036
-0.442434
0.00223399
-1.15869
-0.0100073
0.0216811
0.189143
0.00198557
-4.16589
-0.0820795
0.248866
0.109311
0.000182983
-5.71562
-0.00532067
0.0231389
0.212971
0.000140875
-4.75066
-0.0555668
0.582448
-0.464284
0.00134296
-1.82664
-0.0175335
0.0923225
0.304583
-0.00183103
-7.815
0.308992
0.0495043
0.441436
-0.00568454
-16.4241
-0.343403
0.0151
0.0856329
0.000877728
4.60862
-0.259308
0.0728392
0.0483626
-0.000874552
2.55618
0.0482134
0.0783131
-0.0994136
0.00112915
-0.711942
0.394057
0.384029
0.049263
-0.00101853
-16.929
0.0205689
0.111477
0.322708
0.00815452
-9.4944
-0.0487398
0.218063
0.0991114
0.000728708
-5.58356
0.151707
0.0528277
0.285029
0.000699982
-10.0409
0.095661
0.11481
0.134046
0.00215798
-7.13207
0.0144395
0.149647
1.34175
0.000193085
-30.7371
0.00216631
0.0847139
0.510543
0.00321934
-12.2895
-0.0220736
0.404021
-0.0748714
-0.000154038
-6.36457
-0.032684
0.0915585
0.155743
0.00187478
-4.47287
-0.00206912
0.0505533
0.959313
-0.00126418
-20.6226
-0.0154482
0.00181365
0.179329
5.2975e-05
-3.40166
-0.129566
0.211745
0.038288
3.49689e-05
-2.58144
0.107535
0.244007
-0.377362
0.00289852
0.0998378
-0.0160973
0.0610953
0.346035
0.00519847
-8.1381
-0.0207454
0.0768295
0.269598
0.000307757
-6.67248
-0.0561771
0.316396
0.0848905
0.00283046
-7.20367
-0.189908
1.25531
-0.295246
0.00211011
-16.2132
0.123235
0.423226
0.322571
0.00273754
-17.8361
0.0859408
0.0634305
0.539482
0.00156138
-14.1123
0.0107584
0.0419083
0.125589
-0.00526983
-3.69873
0.549633
0.122599
-3.97237
-1.46868
83.2311
-0.0503608
0.15091
0.00147466
0.000446379
-2.13966
-0.126634
0.101511
0.366587
-0.00139832
-7.09647
-0.004148
0.0149148
9.5615
2.10956
-216.73
-0.0220558
0.0780381
0.189254
0.000484618
-5.05054
-0.0474479
0.308816
-0.0941988
-0.00171942
-3.6144
-0.405271
-0.1274
0.22513
0.00151793
5.55213
-0.118599
0.274475
0.0832338
0.00187293
-5.04567
-0.0251998
0.0258965
0.265412
0.000130588
-5.52432
0.00637171
0.0209208
0.0965981
0.00275161
-2.61043
0.0472991
0.243721
0.166591
-0.000175863
-9.34852
-0.0401132
0.275197
0.130011
0.00096698
-7.53061
-0.150167
0.228817
-0.374281
0.000788819
5.52934
-0.148578
0.110084
0.401296
0.000445071
-7.6277
-0.0744952
0.399249
-0.0996795
0.0022379
-4.82836
0.00516312
0.0571626
0.377165
-0.00311573
-9.00204
0.0659449
0.0757916
1.15919
0.00230049
-26.6424
0.322713
2.94122
-1.68556
0.00425345
-33.9572
0.0106357
0.0689433
0.129853
0.00101106
-4.30403
0.38522
3.51782
-2.33967
-0.0720517
-32.773
-0.109331
0.0921613
0.302769
0.000700138
-5.94945
-0.00398328
0.097927
0.411566
0.000868432
-10.3524
-0.0818322
0.141486
0.593574
-0.000322292
-13.4185
-0.000112491
0.10228
0.271819
0.000612982
-7.67558
-0.0389472
0.0258095
0.167004
-0.000557608
-3.19415
0.255236
2.81355
4.50705
-0.00172109
-154.568
0.0503895
0.324061
0.636813
-0.000852831
-20.6716
-0.028121
0.283491
-0.496259
-0.000429912
4.37808
-0.0275906
0.134635
0.20326
0.00142315
-6.42787
-0.0735279
0.0233589
0.316441
0.000526628
-5.6058
-0.091002
0.0190761
0.124754
0.00102825
-1.20287
-0.231354
0.593643
0.0663138
-0.00132314
-8.96628
0.0132315
0.0311332
0.289184
0.00300343
-6.9151
0.00342784
0.0420037
0.466936
6.35614e-05
-10.4774
-0.419366
0.341368
0.356185
0.0163796
-6.48676
-0.0387766
0.0738166
0.488699
0.00526201
-10.8576
0.0447228
0.0223848
0.219974
0.00176429
-5.90295
-0.0935942
0.241727
0.020786
0.003133
-3.61691
-0.0412015
0.24597
0.393069
0.00144504
-12.2846
-0.00329178
0.0187533
0.138219
0.000638188
-3.16664
-0.100076
0.675751
-0.275598
0.00576537
-6.64387
-0.041081
-0.0422114
1.20332
0.420763
-20.7571
-0.0299458
0.131883
-4.53685
-1.0399
101.462
0.0156107
0.0523474
2.62993
0.873773
-60.745
-0.0399092
0.0824374
0.374838
-0.000337585
-8.5569
0.00973317
-0.030098
0.300018
-0.000183049
-5.76074
0.104626
0.307242
3.99524
0.840398
-96.9495
-0.0557145
0.554075
-0.402611
-0.00173901
-2.42118
-0.0409968
0.100927
0.0542778
0.000248891
-2.39808
0.0463585
0.0761652
0.568927
0.00131073
-14.1731
-0.0999787
0.108309
0.156967
0.00646211
-3.63171
-0.0123495
0.0334771
0.215704
-0.00557276
-4.90102
0.0130326
-0.0233818
1.80022
0.414483
-39.026
0.0146688
0.0193752
0.392445
-0.00155039
-8.72812
-0.0553639
0.033008
0.205016
-0.00185846
-3.80461
-0.0482363
0.0346152
0.291577
-0.000807027
-5.74197
0.00826151
0.0378911
0.123308
0.000426755
-3.47809
0.0892129
0.0993202
-4.04046
-1.05781
90.3396
-0.0362625
0.108979
0.191657
0.000185337
-5.45457
-0.0248965
-0.0691485
0.891156
-0.0786226
-17.1664
-0.0323606
0.0420369
0.227294
0.00259059
-4.96348
0.444677
-0.176602
-4.44894
-1.29311
99.2132
-0.00889857
0.0242984
0.12759
0.00153916
-2.98636
0.00560849
0.376005
0.359962
0.023696
-15.7913
0.0203495
0.144425
-0.185128
0.00741247
0.0482663
-0.0423025
0.0668626
0.133164
0.000437099
-3.27472
-0.0263094
0.0646944
0.408751
0.00177703
-9.21817
0.000963177
0.0606513
0.457577
-0.00191775
-10.6384
-0.140618
-0.292811
0.192026
0.0013206
4.37878
0.0244349
0.240289
1.71521
0.000656517
-40.4212
0.00183464
0.0750671
0.314605
-0.00206943
-8.00747
-1.76686e-05
0.0534116
-0.0985232
-0.000952646
0.747565
-0.102072
0.275317
0.121421
-0.000423835
-6.1167
-0.149154
-0.543635
-6.3544
-0.709341
152.675
0.0233481
0.0774485
0.888564
0.108205
-22.9972
0.012969
0.0658873
0.358354
0.00113863
-8.958
-0.146551
0.244024
0.353387
-0.000907001
-9.34933
0.0116411
0.164084
0.296795
0.00253597
-9.72811
-0.276283
-0.074538
0.0523504
-0.00440002
5.70349
-0.0307003
0.163366
0.329774
0.00327158
-9.56367
0.0197586
0.0568528
0.340351
0.00301339
-8.58705
-0.0586265
0.0841505
0.672655
0.000187924
-14.4162
-0.0308702
0.674352
2.03029
-0.00115451
-54.6309
-0.0179643
0.0716666
0.584456
0.00549505
-13.2133
0.0174093
0.315619
-0.439292
-0.00163524
1.70666
-0.053032
0.132206
0.025694
0.00213386
-2.26441
-0.0118336
0.0127403
0.104751
0.0022618
-2.25277
0.0812476
0.27705
-0.0999318
0.0661774
-7.21897
-0.0674251
0.0604511
0.125896
-0.000473538
-2.51362
-0.148188
0.447401
-0.0465546
0.000302211
-5.35963
0.00395931
0.410797
-0.739524
-0.000941733
5.90912
-0.0341771
0.0267885
0.160974
8.3593e-05
-3.19472
-0.123217
0.096016
0.0754228
0.00106834
-1.13122
0.00292429
0.058208
0.15256
0.00191432
-4.43246
0.0010989
0.020764
0.300865
-0.000249503
-6.58778
0.0150601
0.102204
0.124318
0.000301784
-4.97067
-0.0271498
0.080124
3.14577
0.117276
-67.1871
0.0120846
0.125835
0.189334
-0.000409442
-6.70021
-0.0309732
-0.132211
0.450977
0.386744
-13.3162
-0.0010129
-0.0248192
0.263949
0.00370098
-4.98286
-0.103397
0.485397
-0.379324
0.00310672
-0.645646
0.0304407
0.0822936
0.306151
-0.00199768
-8.59813
-0.0178986
0.253403
-0.00727522
0.000393895
-4.70618
-0.0759481
0.0401115
0.25076
-0.00442831
-4.51155
-0.0484767
0.0442289
0.0487484
-6.43167e-05
-0.957355
-0.0222457
0.107765
0.349923
0.000507111
-8.94365
-0.137748
0.376081
0.0538842
0.000338695
-6.09719
-0.0215081
0.00503643
-0.0493529
0.00680261
1.06285
-0.196675
0.061992
0.387417
0.00200064
-5.43736
-0.0408521
0.0559359
0.202306
-0.000260858
-4.47624
-0.111108
0.439662
0.0517929
0.00241523
-7.93265
-0.0256367
0.0759746
0.280512
0.00178124
-6.82613
0.0218932
0.053563
0.104021
-0.000588016
-3.69106
0.0347397
0.455488
-0.137611
-0.000100179
-7.36075
0.0317245
1.22198
1.25636
-0.0046249
-51.2634
0.0202404
0.119581
0.418013
0.000534457
-11.4381
0.0122924
0.055613
0.406667
-0.00104834
-9.71977
-0.0101945
0.0660968
0.423813
-0.0028423
-9.83529
-0.159497
0.14625
0.501789
0.00150321
-10.1608
-0.0270413
0.0572539
0.34854
0.00072501
-7.80855
-0.0119792
0.151574
0.187511
0.00252436
-6.79451
0.00182279
0.0272571
0.188675
0.00110755
-4.5395
0.135226
0.171777
-0.230217
-0.097494
5.41408
0.0526055
0.230054
0.140534
0.00258801
-8.72042
0.0108006
0.888753
0.164721
0.0292992
-15.3016
0.0362974
0.129199
0.863391
0.00977209
-21.2743
0.00871384
0.0734782
0.330491
0.00186421
-8.51344
0.0231583
0.123491
0.394892
0.000690377
-11.1383
-0.0219878
0.769265
0.300961
-0.0133061
-15.646
0.0286506
0.0866948
0.528728
0.00120096
-13.2016
-0.0377109
0.741367
0.0858892
0.0385356
-9.7647
0.0271399
0.0523314
0.416086
0.00296715
-10.2466
-0.0783615
0.040675
-0.0375329
0.00125106
1.39727
-0.0443727
0.0266749
0.462094
7.33254e-05
-9.13362
-0.0396709
0.0667269
0.455333
0.00137965
-9.95882
0.113206
0.103704
0.588277
0.000271535
-16.4582
0.0274583
0.203261
0.864402
-0.000182074
-22.3543
-0.17914
0.832288
-0.6182
-0.820525
5.81896
0.0162688
0.0316597
0.864882
-0.000177478
-18.6614
0.0345526
0.322156
0.316371
0.00226619
-13.799
0.084572
-0.133669
1.28533
-5.75233e-05
-25.3458
0.0124405
0.159769
0.641143
0.0163206
-17.0462
0.00652103
0.061317
0.355164
-0.00202682
-8.65509
0.0688861
0.0721471
1.54802
0.00179478
-34.5939
-0.221563
0.849225
0.970414
-0.0658427
-27.4474
-0.00475789
0.45455
0.240332
-0.078992
-7.29319
0.0118397
0.0280092
-0.0581108
-0.000777779
0.253103
-0.0341548
0.193272
1.52102
-0.00165323
-34.4057
-0.122949
0.273419
0.996688
0.000745232
-23.539
-0.00571762
0.131673
0.859532
0.00810867
-20.3788
-0.00354371
0.111368
0.90928
0.000766646
-20.7997
0.000175473
0.170983
1.51857
-0.00582479
-34.5891
-0.234399
0.92702
-0.376302
-0.746489
-0.79114
0.0349151
0.0486222
0.823745
-0.00129411
-18.595
-0.10888
0.863222
0.514758
-0.0324429
-20.2176
0.0244957
-0.139438
0.943212
-0.00917409
-17.1544
-0.0602074
0.102086
0.637507
-8.16046e-05
-13.9618
-0.00963844
0.0358365
0.645951
-0.00430784
-13.869
-0.0938033
0.105286
0.850666
0.00104778
-17.707
0.00135052
0.0921004
0.55407
0.00353728
-13.3128
-0.0619818
0.867233
0.258552
0.0189483
-15.0655
-0.0378571
0.111952
0.455076
0.0351105
-11.9493
0.00827276
0.0656313
0.45098
-0.00784915
-10.8116
0.0251022
0.0788065
0.651991
0.000291981
-15.4546
-0.00202347
0.388347
0.966621
-0.00203138
-27.6684
0.0816281
-0.15597
1.58642
0.0107743
-31.2746
0.0323103
0.0204383
0.661208
-0.00447575
-14.6611
0.00576263
0.848253
0.211715
-0.00754702
-15.8131
0.029309
0.0839675
0.735998
0.000724282
-17.3816
-0.0244359
0.61188
1.59483
0.00214571
-44.6201
0.0415666
0.372969
1.58891
-0.00165943
-40.9321
-0.0450506
0.171784
0.105143
0.00635412
-4.95417
-0.0201282
0.493198
1.37556
-0.0667455
-29.9371
0.0517313
0.0470998
0.16728
0.00100883
-5.46219
-0.0829883
0.00182957
0.675177
0.000326425
-12.2155
-0.0266914
0.163662
0.573552
-0.00295389
-14.5563
0.0390895
0.000247492
0.671727
0.00153903
-14.6311
-0.19331
0.863478
-0.251375
-0.828141
-1.60929
0.00881176
0.00307179
0.0527195
-0.00470261
-1.38755
-0.0415213
0.101812
0.168652
0.00639106
-4.95413
0.0368433
0.0829985
0.684781
0.00996383
-16.763
0.0303755
0.187431
1.10215
0.0271126
-27.6502
0.0451011
0.207635
0.0708739
0.00984833
-6.89702
0.0122828
0.231743
0.543174
0.0103131
-16.3293
-0.0309486
0.890048
0.116581
-0.00402233
-13.9186
-0.0564501
0.068685
0.859443
0.00076356
-17.907
-0.00533423
0.142516
1.04161
0.00160489
-24.1183
0.00174327
0.148782
0.594143
0.00233378
-15.3615
0.0588109
0.162196
0.22684
-0.00013239
-9.1869
0.00158746
0.0598094
0.547898
-0.00548233
-12.4911
-0.028096
0.154404
0.53223
0.00424145
-13.5758
0.0635153
0.255415
0.897916
0.00566604
-24.9902
0.0502404
0.210378
0.0149134
-0.00138581
-5.63772
0.0144664
0.0908102
1.4139
0.00168475
-31.1919
-0.0525613
0.228428
1.21567
7.89633e-05
-28.5701
0.0910068
0.0763085
0.986829
0.00872878
-23.7902
0.0348668
0.229441
2.38562
-0.00180477
-54.1093
-0.0695625
0.0969113
0.74075
0.00271664
-15.8222
0.0524534
0.128742
0.471714
-8.96878e-05
-13.4127
0.00577727
0.0705402
0.367428
-0.00321492
-9.16962
-0.0213235
0.0710571
1.04606
0.00166736
-22.4479
0.237243
-1.32494
0.69867
0.960953
0.51198
0.0276241
0.0581122
0.620152
0.00314192
-14.4932
0.240226
-0.175955
0.149605
0.744259
-10.5106
0.0173261
0.167142
0.720125
0.00494206
-18.6022
-0.133509
0.207797
0.641546
-0.00147948
-14.7593
-0.045151
0.14915
0.0336458
-0.00184139
-2.87743
-0.142262
0.972936
0.665156
-0.0483062
-23.9215
-0.02452
0.802331
0.65156
0.00744343
-29.3988
0.0398197
-0.0630994
1.05676
0.00161572
-21.2178
0.011696
0.604328
0.746571
-0.000739413
-27.8185
-0.404098
0.12699
0.507644
0.00584532
-5.25461
0.0192284
0.0418653
0.535605
0.00354085
-12.3122
-0.0280735
0.0891049
0.867494
0.00302521
-19.062
0.0034094
0.154829
0.610433
0.00020392
-15.6907
0.00479841
0.162246
0.841674
0.0022004
-20.6536
0.109801
0.175707
0.0326825
0.00305556
-6.60966
-0.0047281
0.210501
0.622255
0.0235507
-17.5239
0.00180754
0.0845228
0.820838
-0.00125708
-18.5278
0.0115589
0.125605
1.10883
0.000514402
-25.4412
0.0277945
0.445483
0.541936
0.000616591
-20.7321
-0.0246863
0.116438
0.632383
-0.00104646
-14.8093
0.0105398
0.0987635
0.667088
0.010993
-16.1305
0.0582405
-0.100149
0.552929
0.00808089
-10.7483
-0.0234167
0.122897
2.00922
0.0708231
-40.9061
0.0282474
0.23905
1.13634
0.00153733
-28.7119
0.0453401
-0.208175
0.392199
0.00167245
-4.91192
-0.0423001
0.989382
1.01403
0.40543
-42.3737
0.14719
-0.108041
0.567369
-0.0040832
-12.6038
-0.0335921
0.0407862
0.613141
-0.000312384
-12.871
0.0759195
0.365529
0.399963
0.282237
-16.7644
0.0477526
0.143315
0.949012
0.000146048
-23.2674
-0.0111473
-0.64765
-0.756781
0.187192
30.4654
-0.189984
-0.0565126
0.796857
0.036639
-10.6664
0.00211976
0.0674113
0.650718
-0.00593306
-14.7597
0.0432932
0.103053
1.39843
0.00232013
-31.6655
0.104746
-0.0257079
0.383291
0.0109736
-9.75757
-0.0558868
-0.0632993
0.65584
0.00472024
-11.2305
-0.0203612
-0.445649
-0.219998
0.20987
15.704
0.0463367
-0.115492
0.465484
0.00605227
-8.35766
0.152695
-0.124761
0.718403
2.4551e-05
-15.4856
0.271097
-0.214364
0.280938
0.00243368
-7.14514
-0.164398
0.0771667
2.2262
-0.000783178
-43.8467
0.0193955
-0.0763161
0.447294
-0.000472801
-8.15234
0.112222
-0.367517
0.706386
0.0116611
-8.74337
0.0360818
-0.00208676
0.453985
0.00819435
-10.2088
-0.0221088
0.0892874
1.04918
0.000135055
-22.9748
0.0488237
0.145079
-1.09513
0.182781
20.1646
0.0547131
0.187113
0.409379
0.00411234
-13.4621
-0.00772686
-0.0998727
1.45763
0.0750815
-26.1679
0.0801172
0.627087
0.928675
0.1226
-30.7457
0.0365147
0.126259
1.29991
-0.00419596
-29.9593
-0.0687703
0.0584561
0.0429704
0.00187514
-0.80394
0.030116
0.06732
0.648123
0.00448288
-15.3535
-0.0011074
-0.0650263
1.10629
-0.00697223
-21.4836
0.0288159
-0.041008
0.599965
0.00693195
-12.2814
0.0198494
0.127548
1.65208
0.117376
-34.1687
-0.117601
0.0995199
0.67768
7.40816e-05
-13.5673
-0.126663
-0.181541
0.676246
0.0105443
-6.98779
-0.163214
0.134527
0.182149
-0.000596146
-3.32687
-0.0346906
-0.285897
0.681579
0.0109266
-6.76063
0.0508714
-0.00160601
0.535917
-0.00412487
-12.1213
-0.0021674
-0.0185091
0.429972
0.00943941
-8.63957
0.0691377
0.0290828
0.69123
0.00429876
-16.2201
0.116278
-0.0398325
0.481546
0.0145628
-11.9275
0.0271216
-0.0923514
0.269434
0.00228247
-4.31759
-0.0466102
-0.00157567
0.764787
0.0017941
-14.7694
-0.00326107
0.0880269
1.1452
-0.00195295
-25.179
0.0232125
0.206349
-0.937286
0.154066
16.3299
-0.10627
-0.830697
-3.06077
-0.729801
85.7833
-0.0566237
-0.162645
0.294596
-0.00125657
-1.82119
0.0643163
-0.375484
0.115957
0.00968658
3.31374
-0.0841379
0.851408
0.355635
0.104225
-21.407
0.417116
-0.904052
-2.62632
-0.00415385
60.2485
-0.0443276
0.0210974
0.495319
0.00635514
-9.9344
0.0591506
-0.296058
0.256189
0.00127138
-0.695397
-0.0770387
-0.213537
1.1002
-0.00105262
-16.9598
0.04711
-0.201962
0.495433
0.00165557
-7.24852
-0.101501
-0.925207
0.758885
0.196609
7.48262
0.0864404
0.0384694
0.600428
-0.00855716
-14.8983
0.130597
-0.232453
0.480012
-0.000312349
-8.01201
0.120472
0.0988026
0.602339
0.0043594
-16.9318
-0.0583038
0.73095
-0.915391
0.165515
6.75636
0.0361759
-0.0252311
0.581239
0.00519297
-12.2905
-0.29288
0.436086
0.48178
0.105007
-12.2335
0.213804
-0.0296801
0.12737
0.0103384
-6.6684
0.0759255
-0.19659
0.389876
-0.0115875
-5.80465
0.0820971
-0.00770772
0.543469
0.000841981
-12.7213
0.0459697
0.276223
0.0134436
0.00728462
-7.06367
-0.027224
0.110252
0.616219
0.0049076
-14.4402
-0.0139558
0.0288682
0.430359
0.0110571
-9.40484
0.134511
0.181185
1.17363
0.143398
-28.4417
0.0208093
0.217371
0.500294
0.00159405
-15.1156
0.107632
-0.335391
0.668748
-0.0356824
-8.34146
0.0521671
-0.0899662
0.724272
-0.00160943
-14.1069
0.0336959
-0.0818698
0.188447
0.00689275
-3.14495
0.0398279
0.0165748
0.55121
0.0119867
-12.7281
0.0581883
0.0413721
0.761355
0.00188636
-17.7524
0.284265
-0.102841
0.620677
0.0622257
-17.1177
0.0287916
0.184875
-0.944788
0.172675
16.7215
0.0574307
0.476073
0.235038
0.271376
-15.1791
-0.142104
0.69471
-0.920884
0.16774
9.26876
0.0516264
-0.234395
0.332277
-9.72348e-05
-3.28752
-0.0248586
0.65174
3.36091
0.127233
-76.6591
0.0577115
0.0694642
0.627692
0.00358504
-15.743
0.0441283
0.15046
0.564906
0.315281
-15.316
0.050452
0.164141
0.782799
0.00621618
-20.5739
0.153628
0.495952
-0.822304
0.131533
5.70128
-0.0797123
0.184771
0.247306
0.00514661
-7.43173
0.0680429
0.0278813
0.916822
0.00207789
-20.7337
-0.00455385
-0.268929
0.701384
0.0186623
-8.12038
0.0375659
-0.047018
0.40075
0.0116604
-8.4192
0.11481
-0.0216675
0.383688
0.00203945
-9.84979
0.0542135
-0.195791
0.511797
-0.00295248
-7.7814
0.0136941
0.0880467
0.717436
0.00363992
-16.8098
-0.105057
-0.802851
0.879672
0.200102
2.65407
0.0332793
-0.0912848
1.25237
0.0906514
-23.056
-0.0708847
-1.014
-3.09337
-0.55022
87.6738
0.0424066
0.273098
1.41068
0.00222247
-35.2976
0.100209
-0.0597306
0.905223
0.0031056
-19.4966
0.0505946
0.3293
1.02897
-0.00279024
-28.8342
-0.0932411
0.0325242
0.789963
0.00174863
-15.0535
0.111562
0.530978
4.17004
0.19552
-94.0057
-0.0475588
0.0020814
0.275945
0.00724245
-4.97079
0.0209774
-0.0127612
1.404
0.0113372
-29.1353
0.0239801
0.171802
1.08078
0.00284602
-26.1418
-0.029268
0.0760902
1.73942
0.00251972
-36.696
0.0504026
-0.0563588
0.348339
-0.000838965
-7.09474
0.109014
-0.249995
-0.308646
0.0055471
8.38646
-0.300191
0.109022
1.24147
-0.0029188
-21.7583
0.176362
-0.283046
0.445494
0.00139319
-7.20992
0.165229
0.0806442
-0.218756
-0.0137239
-0.903403
0.0959661
0.639069
0.367317
-0.00724226
-22.662
0.0477142
0.539964
3.11273
0.140832
-70.8674
0.103014
0.130297
-0.212976
-0.00705086
-0.72112
0.0764287
-0.151098
0.267967
0.00156614
-4.26435
-0.158246
0.767686
1.23306
-0.0262301
-37.2871
0.0351052
-0.0595455
0.399319
0.0119195
-8.03165
-0.176832
0.240965
0.79074
0.0148408
-18.0614
0.0163838
-0.0637988
1.0977
0.00510835
-21.6739
0.00961917
0.0555983
1.01929
0.00639367
-22.3079
0.253483
-0.362097
0.655063
-0.0637722
-10.415
0.0730088
-0.260156
0.552926
0.0046105
-7.82484
0.0441865
-0.203411
0.282052
0.0080364
-2.96645
0.127181
-0.311527
0.335713
-0.0375449
-2.71083
0.00024581
0.149694
2.43461
0.148709
-49.9725
0.063543
-0.014342
0.72627
0.00532252
-15.9821
0.00701702
0.00922494
0.522696
0.00233031
-11.2918
0.0304934
-0.0860946
0.536819
-0.00446808
-10.0536
0.112217
-0.0864843
0.385031
0.0050209
-8.75967
0.00707928
-0.00649352
0.203143
0.00700337
-4.39993
0.0172908
0.103801
0.874264
0.00369221
-20.5623
0.0163454
0.145792
0.921353
-0.00165372
-22.1216
0.123107
-0.129185
0.106895
0.00480892
-2.31526
-0.0439966
-0.165189
0.688369
0.00659771
-10.1416
0.0503531
0.114268
1.89221
0.1035
-39.9604
-0.0181691
-0.0567975
0.624318
-0.000818867
-11.2927
0.0381878
-0.0510791
0.177961
-0.0113955
-3.5887
0.0950323
-0.174038
0.270648
-0.00240295
-4.14295
0.0167317
0.144325
1.22209
-0.00446182
-28.2878
0.0969567
-0.247245
0.478138
0.0042111
-7.14094
0.0102163
0.0261646
0.860226
0.003387
-18.5739
0.0993527
0.365491
0.918962
0.00568765
-28.4235
-0.00108467
0.247963
-1.0204
0.169919
17.6401
0.0530952
-0.434008
0.370983
0.00173987
-0.274105
0.0829562
-0.128817
0.535809
0.00158644
-10.1672
0.0737359
0.0257194
0.668556
0.000883076
-15.7099
-0.0197146
0.0958837
1.00815
0.0177923
-22.6322
0.0302882
-0.0342123
0.355847
-0.0015607
-7.2373
-0.0183316
0.611935
1.20429
0.10551
-34.7171
0.0481972
0.0763331
0.463804
-0.00222003
-12.0646
0.0331294
0.0381588
1.52686
0.00292297
-32.806
0.134817
0.0941932
0.0928963
0.00330898
-6.70436
0.213059
-0.257098
0.384384
-0.00303505
-7.302
0.0387365
-0.0550786
0.729213
0.0103214
-14.8745
-0.0803552
0.0629353
0.757729
-0.00257926
-15.2465
0.0381399
-0.0879979
0.275216
0.00363984
-4.90505
0.171162
0.183462
-0.408084
0.0013887
0.650809
-0.0121915
-0.0277943
0.0142905
-0.00101118
0.452445
0.0514002
0.184413
0.511664
-0.00143507
-15.3084
0.0688649
-1.11229
-2.59112
0.00726868
70.6201
0.221598
-0.0884363
0.363689
0.00217742
-10.2755
0.0620604
0.0605306
0.694677
0.000695375
-16.7018
0.111631
0.319255
1.72214
0.0016377
-44.0162
0.0193118
0.00936246
0.863974
-0.0013402
-18.3339
-0.0557899
-0.151953
0.729416
0.00599434
-11.044
-0.0107313
0.185489
0.81345
0.000591202
-20.2342
-0.0300152
0.0501608
0.478364
0.00160679
-10.2649
-0.0464249
0.0334233
0.783941
0.000886697
-15.8291
-0.0119035
0.0559921
1.90517
0.247671
-41.237
0.0556215
0.734378
4.17847
0.154335
-96.4623
0.171617
-0.339093
0.527499
-0.00199073
-7.69268
-0.0206294
-0.0752715
0.834289
0.0019856
-15.2378
0.117706
-0.10177
-0.21177
0.156835
5.72569
0.0213807
-0.0631712
-1.09597
0.179042
24.9141
-0.0316411
-0.618957
-0.609957
0.210465
27.2276
-0.194256
-0.446372
0.137374
0.187028
12.0633
0.0635187
-0.137015
0.346195
-0.00137804
-5.72784
-0.0335822
0.439767
0.538936
0.210803
-18.3943
0.126111
-0.395033
0.802819
-0.00438675
-10.3831
0.00722491
-0.43576
-0.488615
0.198312
20.3467
-0.000658898
0.726243
2.83454
0.00126784
-72.849
0.0622863
-0.0101569
1.31581
-0.000196423
-27.9625
0.0101186
0.494554
-0.982926
0.137996
11.9495
-0.0757523
-0.801304
0.881399
0.159354
2.38434
0.0344551
0.0195913
0.661688
0.00205606
-14.8754
0.00301774
-0.111065
-0.30997
0.00276011
7.9928
0.0453153
0.670647
1.39466
0.133739
-40.6359
0.182899
-0.404621
0.862815
-0.0011782
-13.5349
-0.0187236
-0.0826847
0.121507
0.00176435
-0.573723
0.0548539
-0.0858572
0.488663
0.00224716
-9.60928
-0.174427
0.0852369
0.956331
0.065739
-16.5055
-0.141405
0.0345836
1.2682
-0.00416401
-24.0842
0.0638685
0.0468634
0.783711
0.00114454
-18.4181
0.0743207
-0.117623
0.45923
0.00193034
-8.71714
0.136214
-0.116162
0.563308
0.00246756
-12.092
0.0235872
-0.343868
-0.14534
0.00668408
8.83678
-0.0687912
0.421129
1.30483
0.141046
-31.8742
0.0846323
0.575144
2.22164
0.0045072
-58.9327
0.0185774
0.0153628
0.389293
0.000658691
-8.72346
0.0387279
-0.0841243
1.1228
0.00471674
-22.1887
0.0404522
0.396984
1.37408
0.00410766
-37.0675
0.00605299
0.144956
-1.29124
-0.00790361
0.00168652
-0.0147086
-0.00856633
-0.0107048
-0.022546
0.0110664
0.677474
0.00193036
0.015241
0.0126505
-0.170731
-0.132821
0.00544852
0.00362545
0.00115935
0.00918323
0.00338571
-0.00473734
0.549807
0.00382466
0.0150942
0.20512
-0.0209275
-0.0218645
0.000883157
0.00832734
0.164148
0.00345477
-0.00226756
-0.00506087
1.03608
0.0135602
-0.0239344
0.0178157
-0.143156
-0.00402344
-0.00584358
0.0184114
0.0117474
-0.00125342
-0.0257415
0.00616289
0.00877682
-0.0653445
5.09262
-0.00143502
2.16757
0.00798267
-0.0138254
0.0116145
0.00780086
-0.00257515
0.0218144
0.00427556
0.032555
0.299308
0.0144742
0.0389642
0.0254068
0.961481
-0.0138266
-8.23472e-05
0.0144572
0.0230847
0.00036803
0.00636638
0.00196869
0.0144908
0.0130734
0.477914
0.108224
0.000587848
0.00727578
0.00519937
-0.00934958
1.16545
-0.0082543
0.0106572
-0.041929
5.57468
-0.017675
0.00760398
-0.115215
0.00278782
0.00821247
0.00727561
-1.26921
0.0149277
-0.00857946
0.00674545
0.0898741
0.00125259
-0.129278
0.00674699
-0.0110382
0.0010868
-0.00627596
0.0103839
-0.00114853
-0.0140369
-0.00742956
1.59266
-0.00254097
0.003344
-0.00513603
0.0979834
0.0106052
0.0262632
0.00213789
0.00100746
0.672807
-0.00492929
0.00880153
-0.00521268
0.00870263
0.00700999
-0.0121343
0.00997778
-0.0106715
0.0036694
0.0171046
0.00822047
0.00970839
-0.00745608
-0.000544518
0.511621
0.00171868
0.0133051
0.0020218
-0.0122972
-0.000302318
-0.287133
-0.00390594
-0.0105086
0.00831148
-0.00889139
8.68844e-05
0.00244374
-0.0118439
0.0016155
0.0123691
-0.0275199
0.00333567
0.0111226
0.0288523
0.0144017
0.0153461
0.0187746
-0.00907855
0.0129664
0.0110279
0.00911743
-0.0322603
-0.0112998
0.0132975
-0.0105778
0.00512169
0.012739
-0.000152022
1.0452
-0.000541198
0.0139972
-0.0069562
0.00566567
-0.0415908
-0.0110042
-0.018974
-0.00175343
-6.31291e-05
-0.012473
-0.016542
0.160894
3.65126e-05
0.000775229
1.43077
-0.00957807
-0.00748862
-1.94891
-0.0153596
0.000514125
-0.0461077
0.0013205
0.013445
-0.0150348
0.00153244
0.00753367
-0.000216083
0.00601645
0.00616664
0.000254956
0.0545088
0.0838894
0.00560258
0.282716
0.0123489
0.00788575
0.00848311
0.00755082
0.00416992
-0.00670183
0.00518878
3.52664e-05
0.00412372
0.00711185
-0.0109114
0.000104682
0.00511497
0.0116605
-0.00417569
0.0057089
0.00556908
-0.000326542
-0.00498914
-0.040977
0.00314778
7.28949
0.357574
1.88393
0.0128506
0.0217678
0.379347
0.017879
-0.00954362
-0.00810243
-0.0191424
0.00517842
-0.510212
-0.00656474
0.00357744
0.0073963
-0.0200282
0.260619
-0.0011699
-1.36554
-0.00548969
1.31137
0.0107471
0.489149
-0.00774857
-0.00054363
0.0100552
0.00735233
-0.0487493
0.0104774
-0.000267023
0.0203314
0.00128711
0.836629
4.76025
0.0144656
-0.00510397
-0.010653
-0.0192557
-0.0107729
-0.00391959
6.56136e-05
0.0145901
0.00873835
0.0132649
0.00651124
0.0081621
-0.011886
0.00613655
-0.00446324
-0.025363
0.00735153
0.0213558
0.0074934
0.0163359
0.00404037
0.419651
0.000896788
5.89768
0.00815873
-0.0156525
-0.00817927
-0.0142055
-0.00534558
0.00753864
0.00546505
0.00783982
-0.01405
-0.018426
-0.0107704
0.0220386
-0.00909279
-0.055039
0.00533767
0.0036928
-0.0101363
-0.00337795
0.00777861
0.00271805
0.00839209
-0.00720099
0.00742946
0
0
0
0
0
0
0
0
0
0
0
0
0
0
0
0
0
0
0
0
0
0
0
0
0
0
0
0
0
0
0
0
0
0
0
0
0
0
0
0
0
0
0
0
0
0
0
0
0
0
0
0
0
0
0
0
0
0
0
0
0
0
0
0
0
0
0
0
0
0
0
0
0
0
0
0
0
0
0
0
0
0
0
0
0
0
0
0
0
0
0
0
0
0
0
0
0
0
0
0
0
0
0
0
0
0
0
0
0
0
0
0
0
0
0
0
0
0
0
0
0
0
0
0
0
0
0
0
0
0
0
0
0
0
0
0
0
0
0
0
0
0
0
0
0
0
0
0
0
0
0
0
0
0
0
0
0
0
0
0
0
0
0
0
0
0
0
0
0
0
0
0
0
0
0
0
0
0
0
0
0
0
0
0
0
0
0
0
0
0
0
0
0
0
0
0
0
0
0
0
0
0
0
0
0
0
0
0
0
0
0
0
0
0
0
0
0
0
0
0
0
0
0
0
0
0
0
0
0
0
0
0
0
0
0
0
0
0
0
0
0
0
0
0
0
0
0
0
0
0
0
0
0
0
0
0
0
0
0
0
0
0
0
0
0
0
0
0
0
0
0
0
0
0
0
0
0
0
0
0
0
0
0
0
0
0
0
0
0
0
0
0
0
0
0
0
0
0
0
0
4.28724
0
0
0
0
0
0
0
0
0
0
0
0
0
0
0
0
0
0
0
0
0
0
0
0
0
0
0
0
0
0
0
0
0
0
0
0
0
0
0
0
0
0
0
0
0
0
0
0
0
0
0
0
0
0
0
0
0
0
0
0
0
0
0
0
0
0
0
0
0
0
0
0
0
0
0
0
0
0
0
0
0
0
0
0
0
0
0
0
0
0
0
0
0
0
0
0
0
0
0
0
0
0
0
0
0
0
0
0
0
0
0
0
0
0
0
0
0
0
0
0
0
0
0
0
0
0
0
0
0
0
0
0
0
0
0
0
0
0
0
0
0
0
0
0
0
0
0
0
0
0
0
0
0
0
0
0
0
0
0
0
0
0
0
0
0
0
0
0
0
0
0
0
0
0
0
0
0
0
0
0
0
0
0
0
0
0
0
0
0
0
0
0
0
0
0
0
0
0
0
0
0
0
0
0
0
0
0
0
0
0
0
0
0
0
0
0
0
0
0
0
0
0
0
0
0
0
0
0
0
0
0
0
0
0
0
0
0
0
0
0
0
0
0
0
0
0
0
0
0
0
0
0
0
0
0
0
0
0
0
0
0
0
0
0
0
0
0
0
0
0
0
0
0
0
0
0
0
0
0
0
0
0
0
0
0
0
0
0
0
0
0
0
0
0
0
0
0
0
0
0
0.953201
0.0359189
2.56793
0.0216739
0.0309142
0.0138335
0.691226
0.00822576
3.0103
-0.00950397
-0.000824758
-0.00622584
-0.0279425
-0.0285009
-0.0506183
-0.572502
-0.000720397
-0.0146875
-0.00270022
-0.00108204
-0.00643041
-0.0371482
0.0602025
0.847225
0.0027317
0.0334159
-0.0253035
0.0111566
0.0152899
-0.592181
-0.517509
-0.00558482
0.402084
0.000501113
-0.00695747
0.0217202
-0.00966965
0.0163716
2.50081
0.00900664
-0.0078508
0.0059791
0.0716805
0.0223217
-0.0185147
0.990316
-0.00546931
0.0194659
-0.063322
0.00614528
1.2358
-0.0471804
-0.0334016
-0.015045
-0.0348452
-0.572663
-0.0070016
0.0280178
-0.00670966
0.0482426
-0.0266185
0.0291561
1.14436
-0.0079163
-0.0103998
-0.00304829
-0.00753838
-0.0171628
-0.00350623
0.0757836
0.0287333
-0.00981579
0.0337303
-0.00443718
-1.55791
-0.00233971
-0.00898914
-0.0303822
0.0230125
1.02169
0.0161619
0.465195
0.0270563
0.00784397
0.00496056
0.802665
-0.0180467
-0.00751811
-0.00954463
0.0108447
-0.0119126
-0.0339514
-0.00547521
-0.0388268
0.0198206
0.027645
-0.00650577
0.00250329
-0.00577618
-0.00329141
0
0
0
0
0
0
0
0
0
0
0
0
0
0
0
0
0
0
0
0
0
0
0
0
0
0
0
0
0
0
0
0
0
0
0
0
0
0
0
0
0
0
0
0
0
0
0
0
0
0
0
0
0
0
0
0
0
0
0
0
0
0
0
0
0
0
0
0
0
0
0
0
0
0
0
0
0
0
0
0
0
0
0
0
0
0
0
0
0
0
0
0
0
0
0
0
0
0
0
0
0
0
0
0
0
0
0
0
0
0
0
0
0
0
0
0
0
0
0
0
0
0
0
0
0
0
0
0
0
0
0
0
0
0
0
0
0
0
0
0
0
0
0
0
0
0
0
0
0
0
0
0
0
0
0
0
0
0
0
0
0
0
0
0
0
0
0
0
0
0
0
0
0
0
0
0
0
0
0
0
0
0
0
0
0
0
0
0
0
0
0
0
0
0
0
0
0
0
0
0
5.29184
0
0
0
0
0
0
0
0
0
0
0
0
0
0
0
0
0
0
0
0
0
0
0
0
0
0
0
0
0
0
0
0
0
0
0
0
0
0
0
0
0
0
0
0
0
0
0
0
0
0
0
0
0
0
0
0
0
0
0
0
0
0
0
0
0
0
0
0
0
0
0
0
0
0
0
0
0
0
0
0
0
0
0
0
0
0
0
0
0
0
0
0
0
0
0
0
0
0
0
0
0
0
0
0
0
0
0
0
0
0
0
0
0
0
0
0
0
0
0
0
0
0
0
0
0
0
0
0
0
0
0
0
0
0
0
0
0
0
0
0
0
0
0
0
0
0
0
0
0
0
0
0
0
0
0
0
0
0
0
0
0
0
0
0
0
0
0
0
0
0
0
0
0
0
0
0
0
0
0
0
0
0
0
0
0
0
0
0
0
0
0
0
0
0
0
0
0
0
0
0
0
0
0
0
0
0
0
0
0
0
0
0
0
0
0
0
0
0
0
0
0
0
0
0
0
0
0
0
0
0
0
0
0
0
0
0
0
0
0
0
0
0
0
0
0
0
0
0
0
0
0
0
0
0
0
0
0
0
0
0
0
0
0
0
0
0
0
0
0
0
0
0
0
0
0
0
0
0
0
0
0
0
0
0
0
0
0
0
0
0
0
0
0
0
0
0
0
0
0
0
0
0
0
0
0
0
0
0
0
0
0
0
0
0
0
0
0
0
0
0
0
0
0
0
0
0
0
0
0
0
0
0
0
0
0
0
0
0
0
0
0
0
0
0
0
0
0
0
0
0
0
0
0
0
0
0
0
0
0
0
0
0
0
0
0
0
0
0
0
0
0
0
0
0
0
0
0
0
0
0
0
0
0
0
0
0
0
0
0
0
0
0
0
0
0
0
0
0
0
0
-0.0127563
-0.00638434
0.2658
0.0603428
0.0248471
0.64725
-0.0125012
-0.0148371
0.203507
0.0421094
1.5046
0.000316132
0.0395209
0.00144569
0.0240562
-0.0171667
1.42481
0.00306252
0.00256413
-0.0213083
-0.0129574
-0.0294151
-0.00423363
0.0147868
-0.0295683
2.27514
0.0336772
0.0394758
0.227273
0.0273274
0.00642426
0.00758949
0.0137473
0.0137249
0.05047
0.000822418
-0.00379585
0.0300484
-0.0024154
0.0396985
-0.000285313
0.00630943
0.0132827
-0.0051142
0.0236957
0.0113835
0.480708
-0.634597
0.00861159
0.00503146
0.0127933
-0.0191358
-0.0255357
-0.0189835
0.0342443
0.00667841
1.11118
-0.00321702
0.0296839
-0.0352112
0.342428
0.00250406
0.0186352
0.00646794
0.0194555
-0.0215375
0.0235499
0.0140166
0.00184645
0.115213
0.075096
-0.00234335
-0.0128817
0.00070437
0.0232892
-0.0275563
-0.0145091
1.62986
0.160389
0.249258
-0.00110984
0.579854
0.0126966
0.538492
0.101442
0.270332
-0.00257576
-0.033188
-0.000462764
-0.0235814
0.00396538
-0.020704
0.0216102
0.976336
0.0208019
-0.447679
0.0379621
0.0198405
0.030377
0.000990545
0.778342
-0.00288413
-0.0346026
0.0320837
-0.0178828
-0.0201758
0.0235261
0.0129256
0.0234539
-0.0222001
0.0197773
0.68376
0.022022
0.00604684
-0.00890158
0.0301205
0.0394073
0.0316104
-0.0112994
-0.0452822
-0.0154005
0.0302898
-0.00160134
0.643678
-0.0208333
-0.0203268
-0.00515402
-0.0037355
-0.00482176
-0.00548277
0.0185008
0.0162524
-0.0236151
0.331624
0.0387451
-0.0302471
0.0294846
0.0281574
0.0309262
-0.00170933
-0.00702484
1.63855
0.00151966
0.000684035
0.00310439
-0.0122833
-0.00544508
0.0927024
0.0187614
0.0887977
0.00295099
0.0200263
0.000240142
0.0372171
0.00213203
-0.0210298
-0.031236
0.0112992
0.0176856
-0.0012471
-0.0419816
0.0317481
-0.03581
-0.0133853
0.045265
-0.0220884
-0.0270398
0.932891
1.23728
0.0296134
-0.0130065
0.1489
2.14408
1.64837
0.464749
-0.0218936
0.0226228
-0.00591928
1.01942
-0.0172751
-0.021533
0.747606
0.734849
-0.0378369
0.0428026
0.257391
0.0163516
0.00731824
0.00935442
0.0115311
-0.0132451
-0.0339552
-0.0172463
0.00993778
0.0112999
0.13504
0.0203486
0.0113895
-0.0194992
0.076834
2.39769
