4
1
1
300
0.0152112
0.323879
-0.00527551
0.00184533
-0.197373
0.179674
0.547348
0.157546
-0.000499919
-0.384627
0.0293511
0.289371
1.18227
0.00468087
-0.714077
0.0419312
0.223376
0.355963
-0.00336962
-0.348372
0.00344234
0.471017
-0.211577
-0.00331175
-0.416486
-0.00500792
0.0741638
0.772881
0.00179991
-0.456256
-0.00516594
0.439608
0.0444902
-0.00363417
-0.28089
0.00644004
0.0272804
0.349279
-0.00121343
-0.182869
-0.0160653
0.0384662
0.0775699
-0.00111592
-0.0812247
0.0263436
0.158783
-0.207177
0.00528587
-0.28894
0.0167342
0.240886
3.33247
0.0569702
-2.52566
-0.0330877
0.16418
-0.151875
-0.00257265
-0.266477
-0.0248788
0.111722
0.182856
0.000813381
-0.145893
-0.153762
0.0699593
0.221793
0.000574022
-0.218597
0.121042
0.637178
-0.611988
-0.339343
2.59177
-0.346533
-0.020543
0.215904
0.00430882
-0.39751
-0.0403744
-0.023907
0.183978
0.0017184
-0.196743
-0.395631
-0.141617
0.138094
-0.0030243
-0.521393
0.00597533
0.0489933
0.352312
0.00163228
-0.242833
0.0057564
0.0378194
0.228741
0.00450158
-0.203146
0.0394043
0.322284
-0.789664
0.00211948
-0.669106
0.00874311
0.0562907
0.456112
0.00280922
-0.301939
-0.0407706
0.00249444
-4.62113
-1.31516
3.4389
-0.181757
0.790676
0.0710739
0.00126638
-0.503791
-0.0248372
-0.0182402
0.321573
0.000737155
-0.184212
-0.100188
-0.87569
4.21423
0.43225
-1.3663
-0.0104542
0.049751
0.178084
0.000903536
-0.116424
-0.103451
0.183718
0.423272
-0.000600314
-0.369574
-0.0324041
0.124747
0.353398
0.00149932
-0.287517
0.0288386
0.0362669
0.364848
0.00485485
-0.276563
0.266956
0.395457
0.293342
0.00267018
-0.45345
-0.0568801
0.0257934
0.592951
-0.00130524
-0.344319
-0.0462872
0.0974474
0.0175158
0.00252118
-0.132746
0.00573658
0.113573
0.314739
0.00198422
-0.239858
-0.0407774
0.0161377
1.39479
0.0421747
-1.34087
0.027151
0.102634
0.0983522
0.0062543
-0.19806
0.0125758
0.0235555
0.0820727
-0.000482158
-0.069988
0.00948053
0.221134
0.449716
-0.000119955
-0.336704
0.0597725
0.996763
2.69735
0.0554151
-2.62381
-0.288124
-0.207937
0.197747
0.00603813
-0.457778
-0.0343445
0.536906
-0.183416
0.00261102
-0.375441
0.00259629
0.0534788
0.535412
0.00611771
-0.364521
0.0450147
0.265593
-0.317989
-0.00168902
-0.353812
-0.0662384
0.174259
0.166515
0.00577096
-0.265583
0.0980693
0.0404314
0.220085
-0.000425805
-0.195229
-0.0514567
0.510271
-0.338028
0.00114476
-0.455755
-0.0368161
0.0357763
0.292891
-0.00115797
-0.179085
0.195239
0.493315
0.126179
0.023059
-0.698065
0.0152133
0.0340067
0.617111
0.0673452
-1.3577
-0.0930208
0.212498
0.022621
-0.00278509
-0.220169
0.0187258
0.236502
1.87517
0.125801
-2.94474
-0.0409145
0.0829208
0.584141
0.00316174
-0.343576
-0.0408886
0.0201187
0.145129
0.00055811
-0.203528
-0.0772933
0.099164
0.201433
0.00481095
-0.239432
-0.0173174
0.018728
0.156833
-5.64195e-05
-0.132495
-0.369432
0.306609
0.242488
-0.00230925
-0.48653
0.0250297
-0.00549639
0.362419
-0.0013226
-0.253209
-0.0354357
0.183851
0.122721
0.00405533
-0.22508
0.564779
0.790592
-2.61895
-0.481004
1.38697
0.0812935
0.133465
0.68472
-0.00513009
-0.487052
0.0213312
0.13056
0.847856
0.00191672
-0.441086
0.0256258
0.191338
3.55762
-0.00161929
-1.55765
0.0420897
0.389283
0.211589
-0.00450753
-0.379393
5.64828
3.1634
4.36339
-0.0963562
8.39012
0.00583637
0.0869818
0.347269
0.00374451
-0.289623
-0.0168349
0.0427112
0.344442
-0.00429733
-0.251302
-0.0141172
0.0271532
0.335929
0.00242037
-0.311992
0.114885
0.767593
0.564515
0.00585802
-0.702686
0.01122
0.0906911
0.384416
0.00587055
-0.299393
-0.0994642
0.0877605
0.131493
-0.000521528
-0.171166
0.178536
-0.14594
0.595206
0.000971034
-0.471163
0.00481925
0.0339028
0.393962
0.00368835
-0.255555
-0.0296168
0.100866
0.47401
-0.000808985
-0.263111
0.00812612
0.0886347
1.03239
0.00186634
-0.67241
0.0656205
1.53253
0.683794
-0.000161197
-0.940248
-0.00786258
0.0633831
0.110165
0.000830214
-0.115239
-0.0312732
0.0305174
0.356652
-0.0017631
-0.219113
-0.0295451
0.0596444
0.136132
0.000251073
-0.0999781
0.000684883
0.0454629
0.2198
0.000613894
-0.159003
-0.0358481
-0.01019
-5.03905
-1.25177
3.00134
-0.0165169
0.0580925
0.0775747
-0.000452053
-0.119527
-0.0195829
0.0450938
1.38003
0.00461533
-0.668311
-0.228531
-0.0822953
0.229862
0.00122046
-0.278695
0.0271606
0.0830267
1.62862
0.518097
3.34855
-0.0255119
0.0762253
0.449703
0.00184198
-0.267331
-0.0703664
0.0181829
0.0539554
0.00353544
-0.138337
0.0535192
0.506372
0.0844988
0.00555552
-0.440917
-0.0478895
0.0203605
0.217776
-0.00211372
-0.163409
-0.00675239
0.0964471
0.896372
0.00394721
-0.50417
-0.106188
-0.0133186
0.196464
0.0014852
-0.169411
-0.943912
0.0732385
1.09065
0.63541
-1.55383
-0.111123
0.292684
0.179889
2.50135e-05
-0.253756
-0.023681
0.13318
-0.0964789
0.00853323
-0.346537
-0.0414214
0.0592095
0.418877
-0.00323413
-0.280425
0.0317352
0.224332
2.43253
-0.000552056
-1.12323
0.0830816
0.130641
0.0874787
-0.00104525
-0.165035
-1.00311
-0.0370163
-1.48198
0.633238
-1.5721
0.0130369
0.0608906
0.509061
0.000921216
-0.285075
0.0989895
-0.244117
1.05018
0.00012408
-0.588315
-0.149156
0.249144
0.0771458
0.00217984
-0.253046
-0.0035569
0.0370674
0.214006
-0.000110198
-0.160141
-0.0726609
0.0489592
0.458393
-0.000628567
-0.306775
-0.0714291
0.194768
0.0533792
0.00394672
-0.218177
-0.00915328
0.391171
-0.508046
-0.000120936
-0.423499
0.0202311
0.119773
0.184486
0.00162949
-0.159559
0.0441706
-0.000128951
2.31347
0.638781
-3.51985
-0.292016
0.015196
0.122385
0.00323061
-0.268593
-0.0202188
0.0538549
0.39362
0.000413659
-0.200583
0.0528014
0.0441901
0.346128
-8.27959e-05
-0.275051
0.050467
0.118067
0.433111
-0.00170678
-0.386854
0.0473915
0.0431947
0.791713
0.00476858
-0.435826
-0.000766175
0.0536354
0.154429
-0.000122987
-0.0915176
0.0515377
0.0437831
0.0441061
-0.00198691
-0.132347
-0.0678824
0.142721
0.0478273
0.000630953
-0.150733
5.12248
3.35376
4.49685
-0.0740287
8.14005
0.0226478
0.011071
0.215701
-0.00034822
-0.131223
0.00962228
0.0370876
0.866102
0.00195026
-0.443385
-0.0203578
0.012309
0.118517
-0.00209408
-0.184539
-0.102216
0.20959
0.0931105
0.000231644
-0.20704
-0.0582926
0.0612458
0.307237
-0.000842988
-0.243901
0.105454
0.518171
-0.0904599
0.00346073
-0.350154
-0.00385489
0.0887828
0.417345
-0.000569977
-0.261233
0.0275915
0.395623
0.421885
-0.00167196
-0.384779
0.0180463
0.244787
0.29952
-5.71373e-06
-0.285603
-0.0421366
0.104835
0.177451
4.71012e-05
-0.203229
0.0458157
0.0151031
0.347513
-1.48672e-05
-0.18323
0.0133801
0.050762
0.137932
0.0520942
-0.986946
-0.0900828
0.146775
0.436022
0.000206841
-0.292322
-0.00135506
0.0497818
0.511829
0.00376718
-0.285879
0.0829141
0.561215
0.279365
0.00465425
-0.581709
0.00142499
0.030124
0.324558
-0.000400856
-0.160882
-0.0204333
0.0627517
0.468252
0.00233323
-0.29484
-0.0366407
0.0153822
0.192679
-0.00125214
-0.171618
0.0102685
0.0516179
0.125365
0.0037747
-0.196047
-0.0117238
0.104544
0.50181
0.00350173
-0.310997
0.0865149
0.241053
4.04757
0.549619
-3.31945
0.0117607
0.113085
0.565527
0.00298636
-0.325384
-0.0329604
0.0987695
0.524342
-0.000413259
-0.282679
-0.1323
0.583904
-0.242751
0.00134085
-0.445592
0.0412521
0.0402119
-0.026191
0.00151984
-0.13812
-0.000300393
0.0557945
0.319999
0.00142367
-0.190897
-0.00939147
-0.0230091
0.114816
-0.00152479
-0.149406
-0.0282064
0.00962968
0.084159
-3.97556e-05
-0.128674
0.183233
1.71858
-0.417829
0.00175875
-1.00784
-0.0321669
0.164095
0.19176
0.000394665
-0.165429
-0.00123501
0.0253171
0.146295
0.00051316
-0.0777042
0.00646649
0.0743783
0.393907
7.44173e-05
-0.200834
-0.0349847
0.0210716
0.44881
-0.00166847
-0.259843
0.0349528
0.44036
-0.442434
0.00223399
-0.478771
-0.0100073
0.0216811
0.189143
0.00198557
-0.129698
-0.0820795
0.248866
0.109311
0.000182983
-0.191836
-0.00532067
0.0231389
0.212971
0.000140875
-0.133467
-0.0555668
0.582448
-0.464284
0.00134296
-0.56127
-0.0175335
0.0923225
0.304583
-0.00183103
-0.245873
0.308992
0.0495043
0.441436
-0.00568454
-0.482315
-0.343403
0.0151
0.0856329
0.000877728
-0.236008
-0.259308
0.0728392
0.0483626
-0.000874552
-0.214691
0.0482134
0.0783131
-0.0994136
0.00112915
-0.158393
0.394057
0.384029
0.049263
-0.00101853
-0.392227
0.0205689
0.111477
0.322708
0.00815452
-0.31778
-0.0487398
0.218063
0.0991114
0.000728708
-0.207582
0.151707
0.0528277
0.285029
0.000699982
-0.242583
0.095661
0.11481
0.134046
0.00215798
-0.220155
0.0144395
0.149647
1.34175
0.000193085
-0.618408
0.00216631
0.0847139
0.510543
0.00321934
-0.308822
-0.0220736
0.404021
-0.0748714
-0.000154038
-0.224592
-0.032684
0.0915585
0.155743
0.00187478
-0.161768
-0.00206912
0.0505533
0.959313
-0.00126418
-0.479278
-0.0154482
0.00181365
0.179329
5.2975e-05
-0.08724
-0.129566
0.211745
0.038288
3.49689e-05
-0.171753
0.107535
0.244007
-0.377362
0.00289852
-0.387577
-0.0160973
0.0610953
0.346035
0.00519847
-0.26546
-0.0207454
0.0768295
0.269598
0.000307757
-0.155763
-0.0561771
0.316396
0.0848905
0.00283046
-0.273177
-0.189908
1.25531
-0.295246
0.00211011
-0.788978
0.123235
0.423226
0.322571
0.00273754
-0.428079
0.0859408
0.0634305
0.539482
0.00156138
-0.319645
0.0107584
0.0419083
0.125589
-0.00526983
-0.186317
0.549633
0.122599
-3.97237
-1.46868
2.54156
-0.0503608
0.15091
0.00147466
0.000446379
-0.0947235
-0.126634
0.101511
0.366587
-0.00139832
-0.281178
-0.004148
0.0149148
9.5615
2.10956
-4.18952
-0.0220558
0.0780381
0.189254
0.000484618
-0.140971
-0.0474479
0.308816
-0.0941988
-0.00171942
-0.288204
-0.405271
-0.1274
0.22513
0.00151793
-0.583509
-0.118599
0.274475
0.0832338
0.00187293
-0.24474
-0.0251998
0.0258965
0.265412
0.000130588
-0.200839
0.00637171
0.0209208
0.0965981
0.00275161
-0.1051
0.0472991
0.243721
0.166591
-0.000175863
-0.198055
-0.0401132
0.275197
0.130011
0.00096698
-0.219045
-0.150167
0.228817
-0.374281
0.000788819
-0.37539
-0.148578
0.110084
0.401296
0.000445071
-0.36721
-0.0744952
0.399249
-0.0996795
0.0022379
-0.304496
0.00516312
0.0571626
0.377165
-0.00311573
-0.243379
0.0659449
0.0757916
1.15919
0.00230049
-0.600911
0.322713
2.94122
-1.68556
0.00425345
-2.34724
0.0106357
0.0689433
0.129853
0.00101106
-0.105284
0.38522
3.51782
-2.33967
-0.0720517
-2.22611
-0.109331
0.0921613
0.302769
0.000700138
-0.230467
-0.00398328
0.097927
0.411566
0.000868432
-0.233515
-0.0818322
0.141486
0.593574
-0.000322292
-0.357156
-0.000112491
0.10228
0.271819
0.000612982
-0.189717
-0.0389472
0.0258095
0.167004
-0.000557608
-0.122397
0.255236
2.81355
4.50705
-0.00172109
-3.06813
0.0503895
0.324061
0.636813
-0.000852831
-0.454829
-0.028121
0.283491
-0.496259
-0.000429912
-0.443997
-0.0275906
0.134635
0.20326
0.00142315
-0.207548
-0.0735279
0.0233589
0.316441
0.000526628
-0.275098
-0.091002
0.0190761
0.124754
0.00102825
-0.136028
-0.231354
0.593643
0.0663138
-0.00132314
-0.407455
0.0132315
0.0311332
0.289184
0.00300343
-0.214089
0.00342784
0.0420037
0.466936
6.35614e-05
-0.229393
-0.419366
0.341368
0.356185
0.0163796
-0.759227
-0.0387766
0.0738166
0.488699
0.00526201
-0.330151
0.0447228
0.0223848
0.219974
0.00176429
-0.143674
-0.0935942
0.241727
0.020786
0.003133
-0.207207
-0.0412015
0.24597
0.393069
0.00144504
-0.313362
-0.00329178
0.0187533
0.138219
0.000638188
-0.0866491
-0.100076
0.675751
-0.275598
0.00576537
-0.584673
-0.041081
-0.0422114
1.20332
0.420763
5.85104
-0.0299458
0.131883
-4.53685
-1.0399
2.3643
0.0156107
0.0523474
2.62993
0.873773
1.95053
-0.0399092
0.0824374
0.374838
-0.000337585
-0.212953
0.00973317
-0.030098
0.300018
-0.000183049
-0.169505
0.104626
0.307242
3.99524
0.840398
-0.403372
-0.0557145
0.554075
-0.402611
-0.00173901
-0.523579
-0.0409968
0.100927
0.0542778
0.000248891
-0.111434
0.0463585
0.0761652
0.568927
0.00131073
-0.330991
-0.0999787
0.108309
0.156967
0.00646211
-0.261143
-0.0123495
0.0334771
0.215704
-0.00557276
-0.220116
0.0130326
-0.0233818
1.80022
0.414483
0.9162
0.0146688
0.0193752
0.392445
-0.00155039
-0.213843
-0.0553639
0.033008
0.205016
-0.00185846
-0.169994
-0.0482363
0.0346152
0.291577
-0.000807027
-0.190919
0.00826151
0.0378911
0.123308
0.000426755
-0.0846128
0.0892129
0.0993202
-4.04046
-1.05781
2.72292
-0.0362625
0.108979
0.191657
0.000185337
-0.165245
-0.0248965
-0.0691485
0.891156
-0.0786226
-2.01044
-0.0323606
0.0420369
0.227294
0.00259059
-0.198168
0.444677
-0.176602
-4.44894
-1.29311
2.6648
-0.00889857
0.0242984
0.12759
0.00153916
-0.111167
0.00560849
0.376005
0.359962
0.023696
-0.722797
0.0203495
0.144425
-0.185128
0.00741247
-0.284679
-0.0423025
0.0668626
0.133164
0.000437099
-0.115872
-0.0263094
0.0646944
0.408751
0.00177703
-0.257683
0.000963177
0.0606513
0.457577
-0.00191775
-0.273782
-0.140618
-0.292811
0.192026
0.0013206
-0.436073
0.0244349
0.240289
1.71521
0.000656517
-0.816001
0.00183464
0.0750671
0.314605
-0.00206943
-0.198028
-1.76686e-05
0.0534116
-0.0985232
-0.000952646
-0.164547
-0.102072
0.275317
0.121421
-0.000423835
-0.227616
-0.149154
-0.543635
-6.3544
-0.709341
4.63745
0.0233481
0.0774485
0.888564
0.108205
-2.12796
0.012969
0.0658873
0.358354
0.00113863
-0.202407
-0.146551
0.244024
0.353387
-0.000907001
-0.3412
0.0116411
0.164084
0.296795
0.00253597
-0.252349
-0.276283
-0.074538
0.0523504
-0.00440002
-0.309918
-0.0307003
0.163366
0.329774
0.00327158
-0.282161
0.0197586
0.0568528
0.340351
0.00301339
-0.217664
-0.0586265
0.0841505
0.672655
0.000187924
-0.450714
-0.0308702
0.674352
2.03029
-0.00115451
-1.16703
-0.0179643
0.0716666
0.584456
0.00549505
-0.39517
0.0174093
0.315619
-0.439292
-0.00163524
-0.43497
-0.053032
0.132206
0.025694
0.00213386
-0.145713
-0.0118336
0.0127403
0.104751
0.0022618
-0.117003
0.0812476
0.27705
-0.0999318
0.0661774
-1.38988
-0.0674251
0.0604511
0.125896
-0.000473538
-0.139918
-0.148188
0.447401
-0.0465546
0.000302211
-0.303438
0.00395931
0.410797
-0.739524
-0.000941733
-0.595652
-0.0341771
0.0267885
0.160974
8.3593e-05
-0.122175
-0.123217
0.096016
0.0754228
0.00106834
-0.156099
0.00292429
0.058208
0.15256
0.00191432
-0.139467
0.0010989
0.020764
0.300865
-0.000249503
-0.13572
0.0150601
0.102204
0.124318
0.000301784
-0.136011
-0.0271498
0.080124
3.14577
0.117276
-2.03941
0.0120846
0.125835
0.189334
-0.000409442
-0.159237
-0.0309732
-0.132211
0.450977
0.386744
-3.69292
-0.0010129
-0.0248192
0.263949
0.00370098
-0.183508
-0.103397
0.485397
-0.379324
0.00310672
-0.561059
0.0304407
0.0822936
0.306151
-0.00199768
-0.240405
-0.0178986
0.253403
-0.00727522
0.000393895
-0.137656
-0.0759481
0.0401115
0.25076
-0.00442831
-0.257368
-0.0484767
0.0442289
0.0487484
-6.43167e-05
-0.0679864
-0.0222457
0.107765
0.349923
0.000507111
-0.229734
-0.137748
0.376081
0.0538842
0.000338695
-0.249461
-0.0215081
0.00503643
-0.0493529
0.00680261
-0.185616
-0.196675
0.061992
0.387417
0.00200064
-0.362678
-0.0408521
0.0559359
0.202306
-0.000260858
-0.13105
-0.111108
0.439662
0.0517929
0.00241523
-0.301555
-0.0256367
0.0759746
0.280512
0.00178124
-0.191323
0.0218932
0.053563
0.104021
-0.000588016
-0.107394
0.0347397
0.455488
-0.137611
-0.000100179
-0.309419
0.0317245
1.22198
1.25636
-0.0046249
-1.1084
0.0202404
0.119581
0.418013
0.000534457
-0.276077
0.0122924
0.055613
0.406667
-0.00104834
-0.238802
-0.0101945
0.0660968
0.423813
-0.0028423
-0.269403
-0.159497
0.14625
0.501789
0.00150321
-0.374911
-0.0270413
0.0572539
0.34854
0.00072501
-0.226247
-0.0119792
0.151574
0.187511
0.00252436
-0.227147
0.00182279
0.0272571
0.188675
0.00110755
-0.17333
0.00605299
0.144956
-1.29124
-0.00790361
0.00168652
-0.0147086
-0.00856633
-0.0107048
-0.022546
0.0110664
0.677474
0.00193036
0.015241
0.0126505
-0.170731
-0.132821
0.00544852
0.00362545
0.00115935
0.00918323
0.00338571
-0.00473734
0.549807
0.00382466
0.0150942
0.20512
-0.0209275
-0.0218645
0.000883157
0.00832734
0.164148
0.00345477
-0.00226756
-0.00506087
1.03608
0.0135602
-0.0239344
0.0178157
-0.143156
-0.00402344
-0.00584358
0.0184114
0.0117474
-0.00125342
-0.0257415
0.00616289
0.00877682
-0.0653445
5.09262
-0.00143502
2.16757
0.00798267
-0.0138254
0.0116145
0.00780086
-0.00257515
0.0218144
0.00427556
0.032555
0.299308
0.0144742
0.0389642
0.0254068
0.961481
-0.0138266
-8.23472e-05
0.0144572
0.0230847
0.00036803
0.00636638
0.00196869
0.0144908
0.0130734
0.477914
0.108224
0.000587848
0.00727578
0.00519937
-0.00934958
1.16545
-0.0082543
0.0106572
-0.041929
5.57468
-0.017675
0.00760398
-0.115215
0.00278782
0.00821247
0.00727561
-1.26921
0.0149277
-0.00857946
0.00674545
0.0898741
0.00125259
-0.129278
0.00674699
-0.0110382
0.0010868
-0.00627596
0.0103839
-0.00114853
-0.0140369
-0.00742956
1.59266
-0.00254097
0.003344
-0.00513603
0.0979834
0.0106052
0.0262632
0.00213789
0.00100746
0.672807
-0.00492929
0.00880153
-0.00521268
0.00870263
0.00700999
-0.0121343
0.00997778
-0.0106715
0.0036694
0.0171046
0.00822047
0.00970839
-0.00745608
-0.000544518
0.511621
0.00171868
0.0133051
0.0020218
-0.0122972
-0.000302318
-0.287133
-0.00390594
-0.0105086
0.00831148
-0.00889139
8.68844e-05
0.00244374
-0.0118439
0.0016155
0.0123691
-0.0275199
0.00333567
0.0111226
0.0288523
0.0144017
0.0153461
0.0187746
-0.00907855
0.0129664
0.0110279
0.00911743
-0.0322603
-0.0112998
0.0132975
-0.0105778
0.00512169
0.012739
-0.000152022
1.0452
-0.000541198
0.0139972
-0.0069562
0.00566567
-0.0415908
-0.0110042
-0.018974
-0.00175343
-6.31291e-05
-0.012473
-0.016542
0.160894
3.65126e-05
0.000775229
1.43077
-0.00957807
-0.00748862
-1.94891
-0.0153596
0.000514125
-0.0461077
0.0013205
0.013445
-0.0150348
0.00153244
0.00753367
-0.000216083
0.00601645
0.00616664
0.000254956
0.0545088
0.0838894
0.00560258
0.282716
0.0123489
0.00788575
0.00848311
0.00755082
0.00416992
-0.00670183
0.00518878
3.52664e-05
0.00412372
0.00711185
-0.0109114
0.000104682
0.00511497
0.0116605
-0.00417569
0.0057089
0.00556908
-0.000326542
-0.00498914
-0.040977
0.00314778
7.28949
0.357574
1.88393
0.0128506
0.0217678
0.379347
0.017879
-0.00954362
-0.00810243
-0.0191424
0.00517842
-0.510212
-0.00656474
0.00357744
0.0073963
-0.0200282
0.260619
-0.0011699
-1.36554
-0.00548969
1.31137
0.0107471
0.489149
-0.00774857
-0.00054363
0.0100552
0.00735233
-0.0487493
0.0104774
-0.000267023
0.0203314
0.00128711
0.836629
4.76025
0.0144656
-0.00510397
-0.010653
-0.0192557
-0.0107729
-0.00391959
6.56136e-05
0.0145901
0.00873835
0.0132649
0.00651124
0.0081621
-0.011886
0.00613655
-0.00446324
-0.025363
0.00735153
0.0213558
0.0074934
0.0163359
0.00404037
0.419651
0.000896788
5.89768
0.00815873
-0.0156525
-0.00817927
-0.0142055
-0.00534558
0.00753864
0.00546505
0.00783982
-0.01405
-0.018426
-0.0107704
0.0220386
-0.00909279
-0.055039
0.00533767
0.0036928
-0.0101363
-0.00337795
0.00777861
0.00271805
0.00839209
-0.00720099
0.00742946
4.28724
