4
1
1
100
0.458387
0.0143196
0.129582
0.065722
-0.840605
0.0719695
0.04283
0.033436
-0.002164
-0.167948
0.265763
0.993071
-0.332205
-0.170612
3.34142
-0.224422
0.664208
-0.01341
0.00515583
-0.436096
-1.02689
0.0348052
1.17399
0.00445114
-1.0639
0.400582
0.879109
-0.0489319
0.0996667
2.07573
0.295312
1.09552
0.061099
0.0664354
1.72505
-0.411981
-0.22411
0.311254
0.27623
2.01689
0.0849043
0.906729
-0.455424
-0.186609
3.34264
0.307805
1.19777
0.259342
-0.0166476
-0.803734
-0.203386
0.608351
0.0617706
0.0136697
-0.586524
-2.33496
-0.356893
4.04718
0.222708
1.13463
-0.495321
0.0917101
1.16289
0.246715
0.976623
0.362967
0.524053
0.806849
-0.00179441
-0.739257
1.61254
-0.0332538
0.847063
0.0930204
-0.0765978
-2.16606
-0.586787
0.910276
-0.720133
-0.513494
-0.0666118
0.591762
0.218334
-0.00704457
-0.46582
-1.74737
-0.028088
-0.00707288
-0.956603
0.683504
-0.186072
0.547052
-0.0906288
-0.000583163
-0.422798
0.0148351
0.99513
0.0751192
-0.000514019
-0.457992
-0.299886
0.59543
0.666613
0.00314785
-0.722024
-1.9476
-0.419668
2.67289
0.0960966
-0.926371
-0.418672
-0.116753
0.0895837
0.272671
2.79296
-0.0773399
0.736393
0.349103
0.108454
2.2843
-0.319015
0.350174
0.140222
-0.00836812
-0.470442
0.195928
0.0113804
-2.19977
-0.383852
2.70457
-0.740142
0.102451
0.551634
0.00759725
-0.697863
-0.196512
0.744976
0.0685194
-0.000177147
-0.473699
-0.10961
0.188552
0.175625
0.0041693
-0.317162
-0.22943
0.251216
0.19582
0.161187
2.54387
-0.163986
0.228722
0.18961
-0.000557289
-0.261369
-0.49123
1.58404
-0.0514968
-0.0590926
-0.615204
-0.599244
-0.0508666
0.192409
0.18856
2.33276
-1.1425
-0.276516
1.66173
0.249031
-0.391634
-0.71442
-0.240788
0.267197
0.369782
2.64475
1.22703
0.052747
-0.128443
-0.586369
1.76632
-0.325392
-0.0742531
0.181705
0.275102
2.40937
-0.0915729
0.597285
0.209459
-0.00706479
-0.512449
-0.213535
-0.131728
0.302353
0.294343
2.80272
0.0504566
0.0472323
0.0729879
0.00221197
-0.133174
-0.70966
-0.125302
0.446503
0.381438
2.10644
-1.06516
0.0326047
0.0680612
0.0211805
-0.772339
-0.626828
0.4929
0.149991
0.00352052
-0.622682
-2.4863
-0.325636
3.64953
0.174262
2.55881
0.402587
0.0934403
-2.20989
-0.28634
2.22023
0.55809
0.604648
-0.264672
-0.324183
2.92554
0.0492901
0.929819
-0.8672
0.00674435
-0.930008
-1.87964
-0.0269902
-1.48936
-0.0679832
-0.909756
-2.28199
-0.448774
3.6608
0.181897
1.69971
-0.195417
0.560967
0.0724057
-0.0115106
-0.569756
0.251521
0.115174
0.060127
0.00504322
-0.306845
0.153839
0.188587
0.102449
0.0144634
-0.317221
0.306518
0.417819
0.20573
0.00386202
-0.43567
0.268354
1.64294
-0.324353
0.262756
-0.714723
-0.424605
0.549754
0.213146
0.00375252
-0.628465
0.0510196
0.00689367
0.141549
0.00346143
-0.111058
0.643938
0.811773
-1.59076
-0.0201201
-0.431979
1.11592
0.65983
-1.00332
-0.00840797
-1.34542
-0.0443528
0.74259
-0.560717
-0.00178419
-0.676299
-0.753972
-0.401108
0.506615
0.567192
1.57099
-2.74435
-0.549191
4.55634
0.218831
0.366448
0.0377586
0.455882
0.260327
-0.00535131
-0.450034
0.0781855
0.0667377
0.0681546
-0.00179999
-0.115573
-0.405375
-0.172326
0.280209
0.267152
2.07062
-0.119425
0.653931
0.166427
0.00474771
-0.477756
-0.990098
0.335915
0.38791
0.00586251
-0.850797
-0.45553
-0.190856
1.05107
1.35663
0.0702162
-1.31497
-0.291943
1.32812
0.0600214
-0.850905
-0.282315
0.377709
0.366001
0.00459594
-0.48648
-0.534233
1.14201
0.636172
0.00101442
1.12012
0.300895
0.971404
-0.445356
-0.019982
2.2199
-0.214588
0.542546
0.330577
0.00238973
-0.476017
-0.11241
0.648376
0.632518
-0.00648147
-0.707484
0.542058
0.189466
-1.8305
-0.24538
1.47885
-0.0631831
1.9427
-0.331286
-0.0820629
-0.42259
-0.187411
0.676902
0.434777
-0.00621041
-0.639902
-0.201712
1.07198
0.425407
0.00473735
-0.748639
-0.198704
0.698588
0.394953
-0.0043028
-0.590282
-0.133391
0.98807
-0.480464
0.0116125
-0.833115
-0.159366
0.428966
-0.10209
0.109215
3.26066
0.299804
0.704567
-0.562371
-0.0142423
-0.830288
0.135724
0.421693
-0.32559
0.0619687
2.76462
0.245511
0.0973298
0.0957227
-0.451443
3.44136
-0.108986
0.843633
0.60183
-0.00507439
-0.710807
-0.103241
0.572941
0.112452
0.0111618
-0.417422
-0.495307
0.330193
0.745949
-0.00469965
-0.832604
0.218701
0.107333
0.102294
-0.448575
3.42222
-0.121226
0.64296
0.26715
-0.0156271
-0.582512
-2.35942
-0.607271
0.96633
1.29957
-0.561614
-0.167254
0.357175
0.059966
-0.00274747
-0.318101
-2.03273
-0.432946
3.23418
0.138152
-0.399459
0.266298
1.85757
0.105838
0.00490909
-0.959251
-2.76929
-0.267281
-1.10032
-0.181101
-1.0171
-0.0279366
0.526609
0.301653
-0.0102837
-0.509075
-0.246579
0.648354
0.259647
-0.000238738
-0.51137
0.101279
0.129572
0.101179
-0.437187
4.07579
-0.218613
1.05988
-0.19224
-0.000695814
-0.655863
0.0356102
0.650589
0.366567
0.00654609
-0.557855
-0.0194123
0.12739
0.403057
0.0130775
-0.375103
-0.115086
0.792829
0.730819
0.00858198
-0.781797
-0.343081
-0.0112145
1.61644
-0.042329
0.120583
0.240715
0.0876879
0.601567
1.73962
-0.0224193
-0.0238963
0.250684
0.0806215
0.0234659
-0.12162
-0.541907
0.0268376
-0.953115
-0.0119454
0.00487404
-0.0123646
0.204062
1.95528
0.314233
0.00446854
1.29645
0.166014
-0.0306158
-0.019311
0.793319
0.00653234
0.00358937
0.841222
0.103613
1.58935
0.398712
1.33128
0.0220961
2.31349
-0.00559824
1.20952
0.149672
-0.0744892
0.32537
0.695858
0.980229
-0.00610307
-0.0204166
0.288873
0.00176116
-0.0492222
-0.122743
-0.124064
-0.202508
-0.0860932
-0.0295567
-0.0339252
0.402926
-0.0161589
1.46111
0.19409
-0.0231909
-0.0195646
0.695211
0.0195535
0.11988
0.449763
0.326482
0.0193272
0.111767
0.257934
-0.0121044
-0.000429623
0.163275
0.0153785
-0.0172919
0.0144219
0.00292808
0.0279627
2.37743
-0.00428284
1.20607
2.77233
0.000732318
0.00465167
0.0157371
2.64472
-0.0206798
0.46985
-0.0173945
0.222439
-0.00608762
-0.0773949
0.0393069
0.00360203
3.48426
-0.108861
0.0213526
0.0300284
0.0021507
1.99013
