4
1
1
100
-0.0730296
0.164259
1.56045
-0.190319
3.67535
0.0201567
0.0153954
0.99785
0.000810016
-0.736192
-0.252664
0.0454405
0.207901
0.162305
3.18634
0.0737258
0.712504
0.66092
-0.00106518
-0.597047
0.0142607
0.289934
0.283889
-0.00131404
-0.264062
0.0235509
-0.0229684
0.0952109
0.181882
2.32701
-0.0947932
-0.0889897
-0.0433501
0.157295
2.49517
0.100314
0.0356891
0.0334853
0.171595
2.2773
0.0464172
0.00373328
-0.00927091
0.233722
3.00966
0.142021
0.478835
0.794022
0.000869019
-0.605173
0.106109
0.0947968
0.354864
-0.00548369
-0.295204
-0.185167
-0.0979665
0.129834
0.146911
2.99212
0.0279028
-0.0181278
0.0528271
0.146376
2.05465
0.0618126
0.0770494
0.174959
0.144245
2.10735
0.0259438
0.0436907
0.089243
0.138256
2.20868
-0.14165
0.127248
0.133376
0.00737524
-0.258514
-0.0250219
0.188858
0.31844
-0.00248302
-0.267272
-0.044145
0.0507947
0.792169
-0.00849079
-0.521617
-0.00242188
0.0500361
0.176634
-0.0111285
-0.280771
0.0528112
0.11817
0.224797
-0.00033375
-0.227293
0.0488524
0.0506283
0.076948
0.188523
2.25649
0.0112059
0.149254
0.499682
-0.00128436
-0.277096
-0.0427317
0.00549102
-0.616696
-0.208697
2.79484
0.0943797
-0.0600651
0.186018
0.165438
2.30535
0.315998
0.307896
0.805242
-0.00602216
-0.667113
0.0093424
0.0768061
0.459235
-0.000839398
-0.236263
0.109232
0.16556
0.35614
0.00502057
-0.347705
-0.213289
0.306078
0.406034
0.00303831
-0.432566
0.0118865
0.146086
0.997327
-0.000176755
-0.53497
-0.016405
0.128738
0.742898
0.533229
1.5292
0.0112159
0.255618
0.0999732
0.00413676
-0.18143
-0.448169
-0.312518
1.29611
0.0105486
3.25109
0.0277107
0.0593262
0.0263668
0.284654
2.2895
0.0242442
0.192387
0.852953
-0.0147695
-0.351023
0.0304074
0.0172898
-0.0105227
0.187685
2.65241
-0.371823
-0.115635
0.496123
0.182091
3.18995
-0.0190653
0.0321173
0.0432914
0.177701
2.36125
0.0141469
0.0400805
0.297426
0.00214813
-0.17572
-0.0105847
0.10692
0.309906
0.166288
2.39084
-0.0648081
0.106685
0.762568
0.00296523
-0.511368
-0.637291
-0.0500786
0.503372
0.0756811
2.44176
0.046878
0.268072
-0.0476445
0.107992
1.87751
-0.00441578
0.122552
0.302831
0.0109908
-0.30012
-0.065775
0.0913858
0.607568
0.000165074
-0.341566
-0.0548966
0.10662
0.332049
0.00181572
-0.261826
-0.000922429
0.0678756
0.624765
0.00229238
-0.300627
0.00809979
0.00730278
0.345863
0.0118566
-0.25106
0.102509
0.393362
-0.513408
0.0594541
-1.05009
0.00415023
0.0456032
0.272104
0.00198334
-0.170255
0.221032
0.00347811
0.238619
-0.000678706
-0.230552
-0.0189622
0.117145
0.0516951
0.137238
2.14655
0.640398
0.208931
0.110316
-0.00147018
-0.490486
0.040417
0.0131007
0.217425
0.193539
2.46788
-0.079386
0.10586
0.144212
-0.00136946
-0.192033
-0.0251687
0.147832
0.493299
0.00389148
-0.392941
-0.0206034
0.179258
0.98605
0.0236389
-0.687597
-0.00406515
0.0899022
0.411754
-0.00899021
-0.346241
0.0110488
0.0873891
0.249333
0.00680421
-0.218542
-0.0667856
0.166344
0.309837
0.00276674
-0.281195
0.0328552
0.061704
0.790381
0.0099758
-0.43718
0.0141549
0.105005
0.557521
0.00666525
-0.335058
0.0631076
0.177053
0.437787
0.00205597
-0.290908
-0.0211499
0.0718573
0.648822
0.00326044
-0.365203
0.106562
0.0294388
-0.0130601
0.167954
2.41029
0.45698
0.472668
0.533203
0.00302278
-0.619367
0.11188
0.630029
0.688779
0.00874663
-0.681111
0.00643046
0.124213
0.813931
-0.00331939
-0.441114
0.00817352
-0.0446012
0.0811744
0.167288
2.2128
0.096088
0.199213
0.703778
-0.00833107
-0.516369
-0.00795628
-0.0156963
0.0448528
0.183567
2.35897
0.0356029
0.168556
0.88149
0.00385067
-0.540364
0.0628502
-0.0138745
1.2395
-0.00369179
-0.613677
-0.271994
0.00446433
0.150077
0.00318408
-0.227616
-0.371828
-0.0838341
0.736282
0.209371
3.16329
-0.0630083
0.039762
0.308053
-0.0103261
-0.289355
-0.0667339
0.0505629
0.349905
-0.00131584
-0.217435
-0.0608808
0.132048
-0.0702032
0.115064
1.83166
-0.089565
0.0920057
0.332596
0.00917608
-0.375077
-0.0658042
0.0833046
0.419845
0.0117888
-0.365644
0.0311759
0.295003
1.95155
0.0444075
-1.28307
-0.033987
0.392274
0.714984
0.00492281
-0.509849
-0.196428
-0.0595482
0.00453351
0.137884
2.94694
0.0358151
0.0939307
0.63547
-0.00497442
-0.407622
-0.18275
0.4323
0.250066
0.00151233
-0.386482
-0.0121831
0.082687
0.411561
0.000710398
-0.214012
-0.0920342
-0.0364014
0.150862
0.192572
2.78859
-0.308462
-0.220787
0.603611
0.194528
2.98827
-0.0328122
0.15517
0.432366
-0.00651993
-0.327782
0.0310497
0.147532
0.77511
0.0112129
-0.583488
-0.0686726
0.0854706
0.37749
0.000636141
-0.227436
-0.0373642
0.0356493
0.219229
-0.00454604
-0.175859
0.0188602
0.0776986
0.408108
0.0102282
-0.293607
-0.0700055
0.15374
0.569402
0.00859635
-0.459426
0.0457715
0.0442845
0.395166
-0.00740829
-0.368702
0.00925259
0.0452153
0.319186
-0.00287472
-0.182605
-0.164322
-0.233498
0.101672
0.182343
3.12191
-0.0226194
0.0943676
0.391483
0.00386374
-0.237854
0.00706039
0.0702547
0.529222
0.00163981
-0.296516
0.0102054
0.145549
0.294965
-0.000690698
-0.201827
0.0167328
0.00372232
0.624843
-0.00831161
-0.402684
2.43782
0.0364903
1.91583
-0.116486
0.0330638
0.769201
0.747858
0.780815
2.86006
0.00583722
0.00643555
1.42794
0.331022
0.30245
0.649347
0.0104545
-0.00350111
-0.0384401
0.0165036
-0.012643
1.24085
0.0589475
0.796695
0.482824
-0.0222685
-0.0196928
-0.0119188
-0.0415291
-0.010005
0.662519
-0.0535572
1.13701
1.12875
0.091428
1.5941
1.73188
0.957515
-0.0146888
0.579377
0.0239837
0.884471
0.272289
0.0218632
-0.0253791
0.00906438
0.000755296
-0.014441
-0.225886
-0.00813235
-0.0148519
0.668872
-0.569188
1.36681
-0.0260431
-0.0603427
0.464233
-0.0119292
0.0435822
0.00112998
-0.00228646
-0.0239223
-0.00955549
0.135644
1.03257
-0.109398
-0.0536378
0.496403
0.655232
0.0381155
0.790038
0.35072
0.0020262
0.00357538
1.13958
-0.0245062
0.014911
0.365295
-0.0177333
-0.0206756
0.149092
0.0107874
1.32785
0.0244709
-0.00565688
-0.00346598
1.17131
1.323
0.00944619
0.00596105
0.0305514
0.030141
-0.00102606
0.0147138
-0.0388734
0.00193064
2.14088
-0.01716
0.0204561
-0.0129017
-0.0198421
1.54508
