4
3
1
300
0.163195
0.255461
0.535008
0.00894586
-0.550305
-0.0279764
0.189811
0.0867084
0.0330981
-0.456486
0.0557623
0.360787
0.0738971
-0.0128401
3.02831
0.0122148
0.176323
0.349124
-0.00189413
-0.315034
-0.123268
0.0359208
0.183692
-0.00285431
-0.247673
0.165168
-0.546022
-0.461094
-0.249533
3.27798
0.289151
0.0312192
-0.245114
-0.0248009
2.29059
0.19099
-0.0171205
-0.357089
-0.0378126
2.27859
0.0909561
0.0417577
-0.161524
0.116552
2.92807
0.204999
-0.235864
-0.146494
-0.174265
2.53182
-0.155028
0.197878
0.161444
0.000520723
-0.230924
-0.621737
-0.116018
0.629203
0.231704
0.207344
0.201497
0.00132731
-0.360081
0.0115567
2.08548
0.267996
0.0792518
-0.345839
-0.0838852
2.1273
0.172892
0.316172
0.0479326
-0.0970155
1.59723
-0.0416934
0.0653237
0.0890188
0.0102823
-0.176321
0.0164892
0.262921
0.147545
0.00812105
-0.311124
0.0485559
0.085431
-0.133081
0.00414602
-0.445074
-0.314423
0.118038
0.27722
-0.0069212
-0.400206
-0.313361
0.195494
0.0450809
-0.000334104
-0.310799
0.281952
0.0428119
-0.285345
-0.00749589
2.16195
0.018639
0.035612
0.156944
0.00658878
-0.142779
0.126128
0.213697
0.014308
-0.0483335
1.89622
0.193265
0.0603009
-0.137876
0.0234046
2.30123
-0.225086
0.0504495
0.125681
0.00376822
-0.231788
0.0671991
0.830096
0.208255
-0.125766
2.35575
-0.0354854
0.106397
0.249346
-0.000811811
-0.225295
-0.278732
0.327854
-0.102507
0.00592292
-0.374751
0.12012
0.0766262
0.232597
-0.0101699
-0.275299
0.262113
0.140664
-0.100529
0.029489
2.29044
0.00962341
0.35798
0.149292
0.0216075
-0.382149
0.13999
0.272003
-0.723257
-0.196846
2.18383
0.258391
0.11191
-0.138464
0.0171924
2.20192
-0.086177
0.177381
0.300717
-0.000810457
-0.300526
0.215273
0.157839
-0.121574
0.0331972
2.41864
0.299351
-0.0341275
0.511444
-0.0437567
3.16886
0.253279
0.148661
-0.462765
-0.0734627
2.42327
-0.128122
0.0640598
0.195901
0.00204526
-0.230462
-0.0764673
0.0190622
-0.265312
0.12334
2.54772
0.0213891
0.0275083
0.160813
0.0122311
-0.19307
0.214196
0.154944
-0.442608
-0.00275363
2.18533
-0.383151
0.0970889
0.560726
0.0109488
-0.571983
-0.0227794
0.180373
0.143167
0.00171125
-0.159658
-0.0802227
0.0402245
0.451567
-0.00255387
-0.296333
0.254688
0.109427
-1.45745
-0.20077
1.90782
-0.0647435
0.184709
0.924269
0.000175417
-0.482743
-0.0367823
0.144278
0.0513719
-0.00871128
-0.243776
0.0326479
0.026465
-0.266974
0.0272602
-0.487728
0.180508
0.215489
0.779668
0.00330178
-0.523999
-0.0216251
0.106986
0.142911
-0.000321272
-0.115161
0.00793163
0.130067
0.0167663
0.0104298
-0.248862
0.00159688
0.22602
-0.0466469
0.017042
-0.328053
0.205739
0.151157
-0.241825
0.033996
2.41061
-1.3742
-0.0878686
1.05226
-0.00745851
0.0520159
-0.0120488
0.223057
0.113593
-0.00210106
-0.194367
-0.214631
-0.0495249
0.0889574
0.0194857
-0.35388
-0.106533
0.0857877
0.0336261
0.00303624
-0.163882
0.941177
-0.000666335
-1.23997
-0.0613411
-1.27125
0.0822503
0.509798
-0.582486
-0.00326398
-0.621682
-0.269961
0.0503076
1.78741
-0.0433865
0.0428605
-0.00846317
0.208787
0.436708
0.0129835
-0.379032
-0.00350904
0.0802339
0.620182
0.0080619
-0.45622
0.536313
0.0561748
0.118316
0.0056152
-0.393768
0.113761
0.0963688
-0.529678
-0.122577
2.22642
-0.130839
0.016557
0.286657
-0.00472814
-0.269215
-0.00412738
0.113072
0.398528
-0.00149077
-0.238673
1.30428
0.277594
0.234495
-0.00615106
-0.79593
0.242568
0.0753878
-0.195537
-0.0222787
1.99368
0.228945
0.00695468
-0.118899
0.00935768
2.07737
0.275564
0.234681
0.048123
0.00154935
2.02557
0.0257817
0.00247785
-0.125138
0.0601122
2.1277
-0.254362
0.0426847
0.34766
-0.0101767
-0.405904
0.00201161
0.112938
1.26973
0.00583426
-0.630929
-0.289144
0.347661
0.0354365
-0.000818866
-0.328087
0.193609
0.164034
-1.62602
-0.290272
2.42693
0.0449485
0.151692
0.13135
0.00109097
-0.169898
0.131968
0.172487
-0.064657
-0.165505
1.99327
-0.214397
0.195059
0.1221
-0.0043161
-0.286915
-0.0515413
0.0704619
0.118143
0.00316226
-0.155868
0.0016687
0.363714
1.06602
-0.111817
2.22263
-0.031754
0.219714
0.202308
-0.0013455
-0.206478
0.147556
0.277299
-0.249934
0.0709052
2.81151
0.0847797
0.0536458
0.106921
-0.407338
3.55311
0.0190484
0.0863095
0.32998
0.0044004
-0.236026
-0.0720687
0.107679
0.140649
0.0179624
-0.281094
0.0497804
0.178316
0.02583
0.000198336
-0.113157
0.186437
0.0588969
0.681184
-0.0348317
2.87889
-0.250084
0.085944
0.290207
0.00348476
-0.321564
0.48232
0.251966
0.375476
0.00329521
-0.49113
-0.0841445
0.281656
0.0425931
-0.00841762
-0.353783
-0.119686
0.15119
0.0947855
-0.000868647
-0.169783
0.0240985
0.687696
-0.289128
-0.0529292
1.78825
-0.339
0.0813773
0.0890812
0.0118605
-0.339969
-0.0100136
0.201688
0.270861
-0.000910948
-0.210108
0.035856
0.063989
0.212312
-0.00176591
-0.189059
0.0586439
0.0173407
-0.221738
0.124742
2.97327
-0.405056
0.140456
0.363215
-0.00705619
-0.498693
-0.0107765
0.216536
0.143914
0.00313483
-0.182002
-0.178909
0.182222
0.114058
0.0013029
-0.229532
-0.0385363
0.0606849
0.241594
0.00405086
-0.236895
0.458387
0.0143196
0.129582
0.065722
-0.840605
0.0719695
0.04283
0.033436
-0.002164
-0.167948
0.265763
0.993071
-0.332205
-0.170612
3.34142
-0.224422
0.664208
-0.01341
0.00515583
-0.436096
-1.02689
0.0348052
1.17399
0.00445114
-1.0639
0.400582
0.879109
-0.0489319
0.0996667
2.07573
0.295312
1.09552
0.061099
0.0664354
1.72505
-0.411981
-0.22411
0.311254
0.27623
2.01689
0.0849043
0.906729
-0.455424
-0.186609
3.34264
0.307805
1.19777
0.259342
-0.0166476
-0.803734
-0.203386
0.608351
0.0617706
0.0136697
-0.586524
-2.33496
-0.356893
4.04718
0.222708
1.13463
-0.495321
0.0917101
1.16289
0.246715
0.976623
0.362967
0.524053
0.806849
-0.00179441
-0.739257
1.61254
-0.0332538
0.847063
0.0930204
-0.0765978
-2.16606
-0.586787
0.910276
-0.720133
-0.513494
-0.0666118
0.591762
0.218334
-0.00704457
-0.46582
-1.74737
-0.028088
-0.00707288
-0.956603
0.683504
-0.186072
0.547052
-0.0906288
-0.000583163
-0.422798
0.0148351
0.99513
0.0751192
-0.000514019
-0.457992
-0.299886
0.59543
0.666613
0.00314785
-0.722024
-1.9476
-0.419668
2.67289
0.0960966
-0.926371
-0.418672
-0.116753
0.0895837
0.272671
2.79296
-0.0773399
0.736393
0.349103
0.108454
2.2843
-0.319015
0.350174
0.140222
-0.00836812
-0.470442
0.195928
0.0113804
-2.19977
-0.383852
2.70457
-0.740142
0.102451
0.551634
0.00759725
-0.697863
-0.196512
0.744976
0.0685194
-0.000177147
-0.473699
-0.10961
0.188552
0.175625
0.0041693
-0.317162
-0.22943
0.251216
0.19582
0.161187
2.54387
-0.163986
0.228722
0.18961
-0.000557289
-0.261369
-0.49123
1.58404
-0.0514968
-0.0590926
-0.615204
-0.599244
-0.0508666
0.192409
0.18856
2.33276
-1.1425
-0.276516
1.66173
0.249031
-0.391634
-0.71442
-0.240788
0.267197
0.369782
2.64475
1.22703
0.052747
-0.128443
-0.586369
1.76632
-0.325392
-0.0742531
0.181705
0.275102
2.40937
-0.0915729
0.597285
0.209459
-0.00706479
-0.512449
-0.213535
-0.131728
0.302353
0.294343
2.80272
0.0504566
0.0472323
0.0729879
0.00221197
-0.133174
-0.70966
-0.125302
0.446503
0.381438
2.10644
-1.06516
0.0326047
0.0680612
0.0211805
-0.772339
-0.626828
0.4929
0.149991
0.00352052
-0.622682
-2.4863
-0.325636
3.64953
0.174262
2.55881
0.402587
0.0934403
-2.20989
-0.28634
2.22023
0.55809
0.604648
-0.264672
-0.324183
2.92554
0.0492901
0.929819
-0.8672
0.00674435
-0.930008
-1.87964
-0.0269902
-1.48936
-0.0679832
-0.909756
-2.28199
-0.448774
3.6608
0.181897
1.69971
-0.195417
0.560967
0.0724057
-0.0115106
-0.569756
0.251521
0.115174
0.060127
0.00504322
-0.306845
0.153839
0.188587
0.102449
0.0144634
-0.317221
0.306518
0.417819
0.20573
0.00386202
-0.43567
0.268354
1.64294
-0.324353
0.262756
-0.714723
-0.424605
0.549754
0.213146
0.00375252
-0.628465
0.0510196
0.00689367
0.141549
0.00346143
-0.111058
0.643938
0.811773
-1.59076
-0.0201201
-0.431979
1.11592
0.65983
-1.00332
-0.00840797
-1.34542
-0.0443528
0.74259
-0.560717
-0.00178419
-0.676299
-0.753972
-0.401108
0.506615
0.567192
1.57099
-2.74435
-0.549191
4.55634
0.218831
0.366448
0.0377586
0.455882
0.260327
-0.00535131
-0.450034
0.0781855
0.0667377
0.0681546
-0.00179999
-0.115573
-0.405375
-0.172326
0.280209
0.267152
2.07062
-0.119425
0.653931
0.166427
0.00474771
-0.477756
-0.990098
0.335915
0.38791
0.00586251
-0.850797
-0.45553
-0.190856
1.05107
1.35663
0.0702162
-1.31497
-0.291943
1.32812
0.0600214
-0.850905
-0.282315
0.377709
0.366001
0.00459594
-0.48648
-0.534233
1.14201
0.636172
0.00101442
1.12012
0.300895
0.971404
-0.445356
-0.019982
2.2199
-0.214588
0.542546
0.330577
0.00238973
-0.476017
-0.11241
0.648376
0.632518
-0.00648147
-0.707484
0.542058
0.189466
-1.8305
-0.24538
1.47885
-0.0631831
1.9427
-0.331286
-0.0820629
-0.42259
-0.187411
0.676902
0.434777
-0.00621041
-0.639902
-0.201712
1.07198
0.425407
0.00473735
-0.748639
-0.198704
0.698588
0.394953
-0.0043028
-0.590282
-0.133391
0.98807
-0.480464
0.0116125
-0.833115
-0.159366
0.428966
-0.10209
0.109215
3.26066
0.299804
0.704567
-0.562371
-0.0142423
-0.830288
0.135724
0.421693
-0.32559
0.0619687
2.76462
0.245511
0.0973298
0.0957227
-0.451443
3.44136
-0.108986
0.843633
0.60183
-0.00507439
-0.710807
-0.103241
0.572941
0.112452
0.0111618
-0.417422
-0.495307
0.330193
0.745949
-0.00469965
-0.832604
0.218701
0.107333
0.102294
-0.448575
3.42222
-0.121226
0.64296
0.26715
-0.0156271
-0.582512
-2.35942
-0.607271
0.96633
1.29957
-0.561614
-0.167254
0.357175
0.059966
-0.00274747
-0.318101
-2.03273
-0.432946
3.23418
0.138152
-0.399459
0.266298
1.85757
0.105838
0.00490909
-0.959251
-2.76929
-0.267281
-1.10032
-0.181101
-1.0171
-0.0279366
0.526609
0.301653
-0.0102837
-0.509075
-0.246579
0.648354
0.259647
-0.000238738
-0.51137
0.101279
0.129572
0.101179
-0.437187
4.07579
-0.218613
1.05988
-0.19224
-0.000695814
-0.655863
0.0356102
0.650589
0.366567
0.00654609
-0.557855
-0.0194123
0.12739
0.403057
0.0130775
-0.375103
-0.115086
0.792829
0.730819
0.00858198
-0.781797
-0.0730296
0.164259
1.56045
-0.190319
3.67535
0.0201567
0.0153954
0.99785
0.000810016
-0.736192
-0.252664
0.0454405
0.207901
0.162305
3.18634
0.0737258
0.712504
0.66092
-0.00106518
-0.597047
0.0142607
0.289934
0.283889
-0.00131404
-0.264062
0.0235509
-0.0229684
0.0952109
0.181882
2.32701
-0.0947932
-0.0889897
-0.0433501
0.157295
2.49517
0.100314
0.0356891
0.0334853
0.171595
2.2773
0.0464172
0.00373328
-0.00927091
0.233722
3.00966
0.142021
0.478835
0.794022
0.000869019
-0.605173
0.106109
0.0947968
0.354864
-0.00548369
-0.295204
-0.185167
-0.0979665
0.129834
0.146911
2.99212
0.0279028
-0.0181278
0.0528271
0.146376
2.05465
0.0618126
0.0770494
0.174959
0.144245
2.10735
0.0259438
0.0436907
0.089243
0.138256
2.20868
-0.14165
0.127248
0.133376
0.00737524
-0.258514
-0.0250219
0.188858
0.31844
-0.00248302
-0.267272
-0.044145
0.0507947
0.792169
-0.00849079
-0.521617
-0.00242188
0.0500361
0.176634
-0.0111285
-0.280771
0.0528112
0.11817
0.224797
-0.00033375
-0.227293
0.0488524
0.0506283
0.076948
0.188523
2.25649
0.0112059
0.149254
0.499682
-0.00128436
-0.277096
-0.0427317
0.00549102
-0.616696
-0.208697
2.79484
0.0943797
-0.0600651
0.186018
0.165438
2.30535
0.315998
0.307896
0.805242
-0.00602216
-0.667113
0.0093424
0.0768061
0.459235
-0.000839398
-0.236263
0.109232
0.16556
0.35614
0.00502057
-0.347705
-0.213289
0.306078
0.406034
0.00303831
-0.432566
0.0118865
0.146086
0.997327
-0.000176755
-0.53497
-0.016405
0.128738
0.742898
0.533229
1.5292
0.0112159
0.255618
0.0999732
0.00413676
-0.18143
-0.448169
-0.312518
1.29611
0.0105486
3.25109
0.0277107
0.0593262
0.0263668
0.284654
2.2895
0.0242442
0.192387
0.852953
-0.0147695
-0.351023
0.0304074
0.0172898
-0.0105227
0.187685
2.65241
-0.371823
-0.115635
0.496123
0.182091
3.18995
-0.0190653
0.0321173
0.0432914
0.177701
2.36125
0.0141469
0.0400805
0.297426
0.00214813
-0.17572
-0.0105847
0.10692
0.309906
0.166288
2.39084
-0.0648081
0.106685
0.762568
0.00296523
-0.511368
-0.637291
-0.0500786
0.503372
0.0756811
2.44176
0.046878
0.268072
-0.0476445
0.107992
1.87751
-0.00441578
0.122552
0.302831
0.0109908
-0.30012
-0.065775
0.0913858
0.607568
0.000165074
-0.341566
-0.0548966
0.10662
0.332049
0.00181572
-0.261826
-0.000922429
0.0678756
0.624765
0.00229238
-0.300627
0.00809979
0.00730278
0.345863
0.0118566
-0.25106
0.102509
0.393362
-0.513408
0.0594541
-1.05009
0.00415023
0.0456032
0.272104
0.00198334
-0.170255
0.221032
0.00347811
0.238619
-0.000678706
-0.230552
-0.0189622
0.117145
0.0516951
0.137238
2.14655
0.640398
0.208931
0.110316
-0.00147018
-0.490486
0.040417
0.0131007
0.217425
0.193539
2.46788
-0.079386
0.10586
0.144212
-0.00136946
-0.192033
-0.0251687
0.147832
0.493299
0.00389148
-0.392941
-0.0206034
0.179258
0.98605
0.0236389
-0.687597
-0.00406515
0.0899022
0.411754
-0.00899021
-0.346241
0.0110488
0.0873891
0.249333
0.00680421
-0.218542
-0.0667856
0.166344
0.309837
0.00276674
-0.281195
0.0328552
0.061704
0.790381
0.0099758
-0.43718
0.0141549
0.105005
0.557521
0.00666525
-0.335058
0.0631076
0.177053
0.437787
0.00205597
-0.290908
-0.0211499
0.0718573
0.648822
0.00326044
-0.365203
0.106562
0.0294388
-0.0130601
0.167954
2.41029
0.45698
0.472668
0.533203
0.00302278
-0.619367
0.11188
0.630029
0.688779
0.00874663
-0.681111
0.00643046
0.124213
0.813931
-0.00331939
-0.441114
0.00817352
-0.0446012
0.0811744
0.167288
2.2128
0.096088
0.199213
0.703778
-0.00833107
-0.516369
-0.00795628
-0.0156963
0.0448528
0.183567
2.35897
0.0356029
0.168556
0.88149
0.00385067
-0.540364
0.0628502
-0.0138745
1.2395
-0.00369179
-0.613677
-0.271994
0.00446433
0.150077
0.00318408
-0.227616
-0.371828
-0.0838341
0.736282
0.209371
3.16329
-0.0630083
0.039762
0.308053
-0.0103261
-0.289355
-0.0667339
0.0505629
0.349905
-0.00131584
-0.217435
-0.0608808
0.132048
-0.0702032
0.115064
1.83166
-0.089565
0.0920057
0.332596
0.00917608
-0.375077
-0.0658042
0.0833046
0.419845
0.0117888
-0.365644
0.0311759
0.295003
1.95155
0.0444075
-1.28307
-0.033987
0.392274
0.714984
0.00492281
-0.509849
-0.196428
-0.0595482
0.00453351
0.137884
2.94694
0.0358151
0.0939307
0.63547
-0.00497442
-0.407622
-0.18275
0.4323
0.250066
0.00151233
-0.386482
-0.0121831
0.082687
0.411561
0.000710398
-0.214012
-0.0920342
-0.0364014
0.150862
0.192572
2.78859
-0.308462
-0.220787
0.603611
0.194528
2.98827
-0.0328122
0.15517
0.432366
-0.00651993
-0.327782
0.0310497
0.147532
0.77511
0.0112129
-0.583488
-0.0686726
0.0854706
0.37749
0.000636141
-0.227436
-0.0373642
0.0356493
0.219229
-0.00454604
-0.175859
0.0188602
0.0776986
0.408108
0.0102282
-0.293607
-0.0700055
0.15374
0.569402
0.00859635
-0.459426
0.0457715
0.0442845
0.395166
-0.00740829
-0.368702
0.00925259
0.0452153
0.319186
-0.00287472
-0.182605
-0.164322
-0.233498
0.101672
0.182343
3.12191
-0.0226194
0.0943676
0.391483
0.00386374
-0.237854
0.00706039
0.0702547
0.529222
0.00163981
-0.296516
0.0102054
0.145549
0.294965
-0.000690698
-0.201827
0.0167328
0.00372232
0.624843
-0.00831161
-0.402684
0.317904
-0.0434781
2.01955
0.00215265
0.00462472
1.19668
0.558789
0.759347
2.79999
0.577707
0.0118535
0.0930806
0.659598
0.432482
0.0407067
-0.010261
-0.000884483
0.0244955
0.00201173
-0.00325087
0.773759
0.0181555
0.349643
1.05234
0.00466715
0.649994
-0.0170238
-0.00126377
-0.0463345
0.821067
0.0362201
0.158387
0.637861
0.0397326
0.995206
2.43507
0.844355
-0.031549
2.04716
-0.0112486
0.744959
-0.00552281
-0.0387278
-0.0310339
0.360561
0.023368
-0.00336551
-0.0144854
-0.0716129
0.0149553
-0.00906314
-0.00430226
1.21562
0.0826571
-0.00739153
0.00192619
-0.0321347
0.34171
-0.00862597
0.0181951
-0.0133786
0.0232052
-0.315282
0.441204
0.00692257
-0.0365159
0.00213387
0.412029
0.630743
0.398261
1.76336
-0.00978411
-0.0283935
-0.00128063
0.805215
0.00645769
0.52456
0.0269647
0.0270589
0.459642
-0.0147091
2.06623
2.59541
-0.0310668
0.0222391
0.00291865
1.61045
-0.0129922
-0.0036102
0.0161976
0.0105823
0.235421
0.0319091
-0.0120588
-0.0257168
3.04397
0.0068876
0.00192913
-0.0117333
-0.00761189
0
0
0
0
0
0
0
0
0
0
0
0
0
0
0
0
0
0
0
0
0
0
0
0
0
0
0
0
0
0
0
0
0
0
0
0
0
0
0
0
0
0
0
0
0
0
0
0
0
0
0
0
0
0
0
0
0
0
0
0
0
0
0
0
0
0
0
0
0
0
0
0
0
0
0
0
0
0
0
0
0
0
0
0
0
0
0
0
0
0
0
0
0
0
0
0
0
0
0
0
0
0
0
0
0
0
0
0
0
0
0
0
0
0
0
0
0
0
0
0
0
0
0
0
0
0
0
0
0
0
0
0
0
0
0
0
0
0
0
0
0
0
0
0
0
0
0
0
0
0
0
0
0
0
0
0
0
0
0
0
0
0
0
0
0
0
0
0
0
0
0
0
0
0
0
0
0
0
0
0
0
0
0
0
0
0
0
0
0
0
0
0
0
0
0
0
0
0
0
0
1.61726
0
0
0
0
0
0
0
0
0
0
0
0
0
0
0
0
0
0
0
0
0
0
0
0
0
0
0
0
0
0
0
0
0
0
0
0
0
0
0
0
0
0
0
0
0
0
0
0
0
0
0
0
0
0
0
0
0
0
0
0
0
0
0
0
0
0
0
0
0
0
0
0
0
0
0
0
0
0
0
0
0
0
0
0
0
0
0
0
0
0
0
0
0
0
0
0
0
0
0
0
-0.343081
-0.0112145
1.61644
-0.042329
0.120583
0.240715
0.0876879
0.601567
1.73962
-0.0224193
-0.0238963
0.250684
0.0806215
0.0234659
-0.12162
-0.541907
0.0268376
-0.953115
-0.0119454
0.00487404
-0.0123646
0.204062
1.95528
0.314233
0.00446854
1.29645
0.166014
-0.0306158
-0.019311
0.793319
0.00653234
0.00358937
0.841222
0.103613
1.58935
0.398712
1.33128
0.0220961
2.31349
-0.00559824
1.20952
0.149672
-0.0744892
0.32537
0.695858
0.980229
-0.00610307
-0.0204166
0.288873
0.00176116
-0.0492222
-0.122743
-0.124064
-0.202508
-0.0860932
-0.0295567
-0.0339252
0.402926
-0.0161589
1.46111
0.19409
-0.0231909
-0.0195646
0.695211
0.0195535
0.11988
0.449763
0.326482
0.0193272
0.111767
0.257934
-0.0121044
-0.000429623
0.163275
0.0153785
-0.0172919
0.0144219
0.00292808
0.0279627
2.37743
-0.00428284
1.20607
2.77233
0.000732318
0.00465167
0.0157371
2.64472
-0.0206798
0.46985
-0.0173945
0.222439
-0.00608762
-0.0773949
0.0393069
0.00360203
3.48426
-0.108861
0.0213526
0.0300284
0.0021507
0
0
0
0
0
0
0
0
0
0
0
0
0
0
0
0
0
0
0
0
0
0
0
0
0
0
0
0
0
0
0
0
0
0
0
0
0
0
0
0
0
0
0
0
0
0
0
0
0
0
0
0
0
0
0
0
0
0
0
0
0
0
0
0
0
0
0
0
0
0
0
0
0
0
0
0
0
0
0
0
0
0
0
0
0
0
0
0
0
0
0
0
0
0
0
0
0
0
0
0
1.99013
0
0
0
0
0
0
0
0
0
0
0
0
0
0
0
0
0
0
0
0
0
0
0
0
0
0
0
0
0
0
0
0
0
0
0
0
0
0
0
0
0
0
0
0
0
0
0
0
0
0
0
0
0
0
0
0
0
0
0
0
0
0
0
0
0
0
0
0
0
0
0
0
0
0
0
0
0
0
0
0
0
0
0
0
0
0
0
0
0
0
0
0
0
0
0
0
0
0
0
0
0
0
0
0
0
0
0
0
0
0
0
0
0
0
0
0
0
0
0
0
0
0
0
0
0
0
0
0
0
0
0
0
0
0
0
0
0
0
0
0
0
0
0
0
0
0
0
0
0
0
0
0
0
0
0
0
0
0
0
0
0
0
0
0
0
0
0
0
0
0
0
0
0
0
0
0
0
0
0
0
0
0
0
0
0
0
0
0
0
0
0
0
0
0
0
0
0
0
0
0
2.43782
0.0364903
1.91583
-0.116486
0.0330638
0.769201
0.747858
0.780815
2.86006
0.00583722
0.00643555
1.42794
0.331022
0.30245
0.649347
0.0104545
-0.00350111
-0.0384401
0.0165036
-0.012643
1.24085
0.0589475
0.796695
0.482824
-0.0222685
-0.0196928
-0.0119188
-0.0415291
-0.010005
0.662519
-0.0535572
1.13701
1.12875
0.091428
1.5941
1.73188
0.957515
-0.0146888
0.579377
0.0239837
0.884471
0.272289
0.0218632
-0.0253791
0.00906438
0.000755296
-0.014441
-0.225886
-0.00813235
-0.0148519
0.668872
-0.569188
1.36681
-0.0260431
-0.0603427
0.464233
-0.0119292
0.0435822
0.00112998
-0.00228646
-0.0239223
-0.00955549
0.135644
1.03257
-0.109398
-0.0536378
0.496403
0.655232
0.0381155
0.790038
0.35072
0.0020262
0.00357538
1.13958
-0.0245062
0.014911
0.365295
-0.0177333
-0.0206756
0.149092
0.0107874
1.32785
0.0244709
-0.00565688
-0.00346598
1.17131
1.323
0.00944619
0.00596105
0.0305514
0.030141
-0.00102606
0.0147138
-0.0388734
0.00193064
2.14088
-0.01716
0.0204561
-0.0129017
-0.0198421
1.54508
