4
1
1
200
0.0105398
0.0987635
0.667088
0.010993
-0.492766
0.0582405
-0.100149
0.552929
0.00808089
-0.447096
-0.0234167
0.122897
2.00922
0.0708231
1.97615
0.0282474
0.23905
1.13634
0.00153733
-0.623731
0.0453401
-0.208175
0.392199
0.00167245
-0.30791
-0.0423001
0.989382
1.01403
0.40543
0.902886
0.14719
-0.108041
0.567369
-0.0040832
-0.514226
-0.0335921
0.0407862
0.613141
-0.000312384
-0.467447
0.0759195
0.365529
0.399963
0.282237
2.88616
0.0477526
0.143315
0.949012
0.000146048
-0.464367
-0.0111473
-0.64765
-0.756781
0.187192
4.02576
-0.189984
-0.0565126
0.796857
0.036639
0.70718
0.00211976
0.0674113
0.650718
-0.00593306
-0.414098
0.0432932
0.103053
1.39843
0.00232013
-0.746799
0.104746
-0.0257079
0.383291
0.0109736
-0.401256
-0.0558868
-0.0632993
0.65584
0.00472024
-0.450194
-0.0203612
-0.445649
-0.219998
0.20987
4.08255
0.0463367
-0.115492
0.465484
0.00605227
-0.37056
0.152695
-0.124761
0.718403
2.4551e-05
-0.558663
0.271097
-0.214364
0.280938
0.00243368
-0.36738
-0.164398
0.0771667
2.2262
-0.000783178
-1.07517
0.0193955
-0.0763161
0.447294
-0.000472801
-0.349601
0.112222
-0.367517
0.706386
0.0116611
0.395059
0.0360818
-0.00208676
0.453985
0.00819435
-0.367225
-0.0221088
0.0892874
1.04918
0.000135055
-0.646256
0.0488237
0.145079
-1.09513
0.182781
3.96789
0.0547131
0.187113
0.409379
0.00411234
-0.396918
-0.00772686
-0.0998727
1.45763
0.0750815
1.58348
0.0801172
0.627087
0.928675
0.1226
3.19789
0.0365147
0.126259
1.29991
-0.00419596
-0.747557
-0.0687703
0.0584561
0.0429704
0.00187514
-0.132065
0.030116
0.06732
0.648123
0.00448288
-0.397494
-0.0011074
-0.0650263
1.10629
-0.00697223
-0.750163
0.0288159
-0.041008
0.599965
0.00693195
-0.456577
0.0198494
0.127548
1.65208
0.117376
2.99465
-0.117601
0.0995199
0.67768
7.40816e-05
-0.374569
-0.126663
-0.181541
0.676246
0.0105443
0.478494
-0.163214
0.134527
0.182149
-0.000596146
-0.263593
-0.0346906
-0.285897
0.681579
0.0109266
0.568462
0.0508714
-0.00160601
0.535917
-0.00412487
-0.458909
-0.0021674
-0.0185091
0.429972
0.00943941
-0.359268
0.0691377
0.0290828
0.69123
0.00429876
-0.388133
0.116278
-0.0398325
0.481546
0.0145628
-0.622073
0.0271216
-0.0923514
0.269434
0.00228247
-0.210685
-0.0466102
-0.00157567
0.764787
0.0017941
-0.419391
-0.00326107
0.0880269
1.1452
-0.00195295
-0.599247
0.0232125
0.206349
-0.937286
0.154066
3.71611
-0.10627
-0.830697
-3.06077
-0.729801
-1.46944
-0.0566237
-0.162645
0.294596
-0.00125657
-0.327212
0.0643163
-0.375484
0.115957
0.00968658
-0.493612
-0.0841379
0.851408
0.355635
0.104225
2.09335
0.417116
-0.904052
-2.62632
-0.00415385
-2.0582
-0.0443276
0.0210974
0.495319
0.00635514
-0.429075
0.0591506
-0.296058
0.256189
0.00127138
-0.297051
-0.0770387
-0.213537
1.1002
-0.00105262
-0.777811
0.04711
-0.201962
0.495433
0.00165557
-0.420341
-0.101501
-0.925207
0.758885
0.196609
4.09225
0.0864404
0.0384694
0.600428
-0.00855716
-0.477138
0.130597
-0.232453
0.480012
-0.000312349
-0.452009
0.120472
0.0988026
0.602339
0.0043594
-0.455959
-0.0583038
0.73095
-0.915391
0.165515
3.55661
0.0361759
-0.0252311
0.581239
0.00519297
-0.394872
-0.29288
0.436086
0.48178
0.105007
1.3163
0.213804
-0.0296801
0.12737
0.0103384
-0.335139
0.0759255
-0.19659
0.389876
-0.0115875
-0.53629
0.0820971
-0.00770772
0.543469
0.000841981
-0.355688
0.0459697
0.276223
0.0134436
0.00728462
-0.2781
-0.027224
0.110252
0.616219
0.0049076
-0.406157
-0.0139558
0.0288682
0.430359
0.0110571
-0.388841
0.134511
0.181185
1.17363
0.143398
2.77878
0.0208093
0.217371
0.500294
0.00159405
-0.330171
0.107632
-0.335391
0.668748
-0.0356824
0.121492
0.0521671
-0.0899662
0.724272
-0.00160943
-0.393488
0.0336959
-0.0818698
0.188447
0.00689275
-0.270556
0.0398279
0.0165748
0.55121
0.0119867
-0.45599
0.0581883
0.0413721
0.761355
0.00188636
-0.515183
0.284265
-0.102841
0.620677
0.0622257
-0.453375
0.0287916
0.184875
-0.944788
0.172675
3.82583
0.0574307
0.476073
0.235038
0.271376
2.90549
-0.142104
0.69471
-0.920884
0.16774
3.5806
0.0516264
-0.234395
0.332277
-9.72348e-05
-0.298326
-0.0248586
0.65174
3.36091
0.127233
4.36903
0.0577115
0.0694642
0.627692
0.00358504
-0.609785
0.0441283
0.15046
0.564906
0.315281
3.02665
0.050452
0.164141
0.782799
0.00621618
-0.563898
0.153628
0.495952
-0.822304
0.131533
3.56213
-0.0797123
0.184771
0.247306
0.00514661
-0.332965
0.0680429
0.0278813
0.916822
0.00207789
-0.457977
-0.00455385
-0.268929
0.701384
0.0186623
0.62427
0.0375659
-0.047018
0.40075
0.0116604
-0.476637
0.11481
-0.0216675
0.383688
0.00203945
-0.292781
0.0542135
-0.195791
0.511797
-0.00295248
-0.406531
0.0136941
0.0880467
0.717436
0.00363992
-0.389883
-0.105057
-0.802851
0.879672
0.200102
4.09037
0.0332793
-0.0912848
1.25237
0.0906514
1.73776
-0.0708847
-1.014
-3.09337
-0.55022
-1.39348
0.0424066
0.273098
1.41068
0.00222247
-0.751635
0.100209
-0.0597306
0.905223
0.0031056
-0.551566
0.0505946
0.3293
1.02897
-0.00279024
-0.684816
-0.0932411
0.0325242
0.789963
0.00174863
-0.451126
0.111562
0.530978
4.17004
0.19552
4.20108
-0.0475588
0.0020814
0.275945
0.00724245
-0.289009
0.0209774
-0.0127612
1.404
0.0113372
-0.777592
0.0239801
0.171802
1.08078
0.00284602
-0.582073
-0.029268
0.0760902
1.73942
0.00251972
-0.945971
0.0504026
-0.0563588
0.348339
-0.000838965
-0.255472
0.109014
-0.249995
-0.308646
0.0055471
-0.550605
-0.300191
0.109022
1.24147
-0.0029188
-0.781438
0.176362
-0.283046
0.445494
0.00139319
-0.419784
0.165229
0.0806442
-0.218756
-0.0137239
-0.498298
0.0959661
0.639069
0.367317
-0.00724226
-0.687396
0.0477142
0.539964
3.11273
0.140832
4.54907
0.103014
0.130297
-0.212976
-0.00705086
-0.384929
0.0764287
-0.151098
0.267967
0.00156614
-0.382733
-0.158246
0.767686
1.23306
-0.0262301
-0.699376
0.0351052
-0.0595455
0.399319
0.0119195
-0.414878
-0.176832
0.240965
0.79074
0.0148408
-0.815542
0.0163838
-0.0637988
1.0977
0.00510835
-0.617095
0.00961917
0.0555983
1.01929
0.00639367
-0.553774
0.253483
-0.362097
0.655063
-0.0637722
-0.123693
0.0730088
-0.260156
0.552926
0.0046105
-0.463155
0.0441865
-0.203411
0.282052
0.0080364
-0.429534
0.127181
-0.311527
0.335713
-0.0375449
-0.0589429
0.00024581
0.149694
2.43461
0.148709
3.20563
0.063543
-0.014342
0.72627
0.00532252
-0.419415
0.00701702
0.00922494
0.522696
0.00233031
-0.489729
0.0304934
-0.0860946
0.536819
-0.00446808
-0.473956
0.112217
-0.0864843
0.385031
0.0050209
-0.494186
0.00707928
-0.00649352
0.203143
0.00700337
-0.255325
0.0172908
0.103801
0.874264
0.00369221
-0.618299
0.0163454
0.145792
0.921353
-0.00165372
-0.468304
0.123107
-0.129185
0.106895
0.00480892
-0.25083
-0.0439966
-0.165189
0.688369
0.00659771
-0.491928
0.0503531
0.114268
1.89221
0.1035
2.2112
-0.0181691
-0.0567975
0.624318
-0.000818867
-0.313882
0.0381878
-0.0510791
0.177961
-0.0113955
-0.401258
0.0950323
-0.174038
0.270648
-0.00240295
-0.334135
0.0167317
0.144325
1.22209
-0.00446182
-0.669502
0.0969567
-0.247245
0.478138
0.0042111
-0.541839
0.0102163
0.0261646
0.860226
0.003387
-0.607869
0.0993527
0.365491
0.918962
0.00568765
-0.69053
-0.00108467
0.247963
-1.0204
0.169919
3.86882
0.0530952
-0.434008
0.370983
0.00173987
-0.455302
0.0829562
-0.128817
0.535809
0.00158644
-0.352404
0.0737359
0.0257194
0.668556
0.000883076
-0.340824
-0.0197146
0.0958837
1.00815
0.0177923
-0.767856
0.0302882
-0.0342123
0.355847
-0.0015607
-0.214445
-0.0183316
0.611935
1.20429
0.10551
2.29589
0.0481972
0.0763331
0.463804
-0.00222003
-0.320067
0.0331294
0.0381588
1.52686
0.00292297
-0.813799
0.134817
0.0941932
0.0928963
0.00330898
-0.23314
0.213059
-0.257098
0.384384
-0.00303505
-0.525452
0.0387365
-0.0550786
0.729213
0.0103214
-0.513863
-0.0803552
0.0629353
0.757729
-0.00257926
-0.46609
0.0381399
-0.0879979
0.275216
0.00363984
-0.361489
0.171162
0.183462
-0.408084
0.0013887
-0.404504
-0.0121915
-0.0277943
0.0142905
-0.00101118
-0.0715727
0.0514002
0.184413
0.511664
-0.00143507
-0.373158
0.0688649
-1.11229
-2.59112
0.00726868
-1.99808
0.221598
-0.0884363
0.363689
0.00217742
-0.316755
0.0620604
0.0605306
0.694677
0.000695375
-0.349484
0.111631
0.319255
1.72214
0.0016377
-0.939274
0.0193118
0.00936246
0.863974
-0.0013402
-0.494381
-0.0557899
-0.151953
0.729416
0.00599434
-0.550604
-0.0107313
0.185489
0.81345
0.000591202
-0.464167
-0.0300152
0.0501608
0.478364
0.00160679
-0.278639
-0.0464249
0.0334233
0.783941
0.000886697
-0.401467
-0.0119035
0.0559921
1.90517
0.247671
0.224911
0.0556215
0.734378
4.17847
0.154335
4.45047
0.171617
-0.339093
0.527499
-0.00199073
-0.51213
-0.0206294
-0.0752715
0.834289
0.0019856
-0.45016
0.117706
-0.10177
-0.21177
0.156835
3.37736
0.0213807
-0.0631712
-1.09597
0.179042
3.94927
-0.0316411
-0.618957
-0.609957
0.210465
4.12116
-0.194256
-0.446372
0.137374
0.187028
3.86847
0.0635187
-0.137015
0.346195
-0.00137804
-0.287648
-0.0335822
0.439767
0.538936
0.210803
2.61616
0.126111
-0.395033
0.802819
-0.00438675
0.250985
0.00722491
-0.43576
-0.488615
0.198312
3.98685
-0.000658898
0.726243
2.83454
0.00126784
-1.63384
0.0622863
-0.0101569
1.31581
-0.000196423
-0.605688
0.0101186
0.494554
-0.982926
0.137996
3.76442
-0.0757523
-0.801304
0.881399
0.159354
4.06473
0.0344551
0.0195913
0.661688
0.00205606
-0.540115
0.00301774
-0.111065
-0.30997
0.00276011
-0.339941
0.0453153
0.670647
1.39466
0.133739
2.91393
0.182899
-0.404621
0.862815
-0.0011782
-0.724865
-0.0187236
-0.0826847
0.121507
0.00176435
-0.154105
0.0548539
-0.0858572
0.488663
0.00224716
-0.433614
-0.174427
0.0852369
0.956331
0.065739
1.49473
-0.141405
0.0345836
1.2682
-0.00416401
-0.898247
0.0638685
0.0468634
0.783711
0.00114454
-0.517799
0.0743207
-0.117623
0.45923
0.00193034
-0.379281
0.136214
-0.116162
0.563308
0.00246756
-0.400128
0.0235872
-0.343868
-0.14534
0.00668408
-0.408795
-0.0687912
0.421129
1.30483
0.141046
2.67961
0.0846323
0.575144
2.22164
0.0045072
-1.25929
0.0185774
0.0153628
0.389293
0.000658691
-0.252205
0.0387279
-0.0841243
1.1228
0.00471674
-0.5935
0.0404522
0.396984
1.37408
0.00410766
-0.796051
-0.0127563
-0.00638434
0.2658
0.0603428
0.0248471
0.64725
-0.0125012
-0.0148371
0.203507
0.0421094
1.5046
0.000316132
0.0395209
0.00144569
0.0240562
-0.0171667
1.42481
0.00306252
0.00256413
-0.0213083
-0.0129574
-0.0294151
-0.00423363
0.0147868
-0.0295683
2.27514
0.0336772
0.0394758
0.227273
0.0273274
0.00642426
0.00758949
0.0137473
0.0137249
0.05047
0.000822418
-0.00379585
0.0300484
-0.0024154
0.0396985
-0.000285313
0.00630943
0.0132827
-0.0051142
0.0236957
0.0113835
0.480708
-0.634597
0.00861159
0.00503146
0.0127933
-0.0191358
-0.0255357
-0.0189835
0.0342443
0.00667841
1.11118
-0.00321702
0.0296839
-0.0352112
0.342428
0.00250406
0.0186352
0.00646794
0.0194555
-0.0215375
0.0235499
0.0140166
0.00184645
0.115213
0.075096
-0.00234335
-0.0128817
0.00070437
0.0232892
-0.0275563
-0.0145091
1.62986
0.160389
0.249258
-0.00110984
0.579854
0.0126966
0.538492
0.101442
0.270332
-0.00257576
-0.033188
-0.000462764
-0.0235814
0.00396538
-0.020704
0.0216102
0.976336
0.0208019
-0.447679
0.0379621
0.0198405
0.030377
0.000990545
0.778342
-0.00288413
-0.0346026
0.0320837
-0.0178828
-0.0201758
0.0235261
0.0129256
0.0234539
-0.0222001
0.0197773
0.68376
0.022022
0.00604684
-0.00890158
0.0301205
0.0394073
0.0316104
-0.0112994
-0.0452822
-0.0154005
0.0302898
-0.00160134
0.643678
-0.0208333
-0.0203268
-0.00515402
-0.0037355
-0.00482176
-0.00548277
0.0185008
0.0162524
-0.0236151
0.331624
0.0387451
-0.0302471
0.0294846
0.0281574
0.0309262
-0.00170933
-0.00702484
1.63855
0.00151966
0.000684035
0.00310439
-0.0122833
-0.00544508
0.0927024
0.0187614
0.0887977
0.00295099
0.0200263
0.000240142
0.0372171
0.00213203
-0.0210298
-0.031236
0.0112992
0.0176856
-0.0012471
-0.0419816
0.0317481
-0.03581
-0.0133853
0.045265
-0.0220884
-0.0270398
0.932891
1.23728
0.0296134
-0.0130065
0.1489
2.14408
1.64837
0.464749
-0.0218936
0.0226228
-0.00591928
1.01942
-0.0172751
-0.021533
0.747606
0.734849
-0.0378369
0.0428026
0.257391
0.0163516
0.00731824
0.00935442
0.0115311
-0.0132451
-0.0339552
-0.0172463
0.00993778
0.0112999
0.13504
0.0203486
0.0113895
-0.0194992
0.076834
2.39769
