4
1
1
100
0.135226
0.171777
-0.230217
-0.097494
5.97486
0.0526055
0.230054
0.140534
0.00258801
-0.230665
0.0108006
0.888753
0.164721
0.0292992
6.2769
0.0362974
0.129199
0.863391
0.00977209
-0.59881
0.00871384
0.0734782
0.330491
0.00186421
-0.241141
0.0231583
0.123491
0.394892
0.000690377
-0.300532
-0.0219878
0.769265
0.300961
-0.0133061
5.18573
0.0286506
0.0866948
0.528728
0.00120096
-0.308151
-0.0377109
0.741367
0.0858892
0.0385356
6.41156
0.0271399
0.0523314
0.416086
0.00296715
-0.305772
-0.0783615
0.040675
-0.0375329
0.00125106
-0.0946094
-0.0443727
0.0266749
0.462094
7.33254e-05
-0.244959
-0.0396709
0.0667269
0.455333
0.00137965
-0.297246
0.113206
0.103704
0.588277
0.000271535
-0.351753
0.0274583
0.203261
0.864402
-0.000182074
-0.453657
-0.17914
0.832288
-0.6182
-0.820525
-1.68733
0.0162688
0.0316597
0.864882
-0.000177478
-0.406982
0.0345526
0.322156
0.316371
0.00226619
-0.314766
0.084572
-0.133669
1.28533
-5.75233e-05
-0.621667
0.0124405
0.159769
0.641143
0.0163206
-0.615993
0.00652103
0.061317
0.355164
-0.00202682
-0.21532
0.0688861
0.0721471
1.54802
0.00179478
-0.794862
-0.221563
0.849225
0.970414
-0.0658427
3.85569
-0.00475789
0.45455
0.240332
-0.078992
5.71937
0.0118397
0.0280092
-0.0581108
-0.000777779
-0.119913
-0.0341548
0.193272
1.52102
-0.00165323
-0.819486
-0.122949
0.273419
0.996688
0.000745232
-0.588423
-0.00571762
0.131673
0.859532
0.00810867
-0.58798
-0.00354371
0.111368
0.90928
0.000766646
-0.44996
0.000175473
0.170983
1.51857
-0.00582479
-0.852802
-0.234399
0.92702
-0.376302
-0.746489
-1.92965
0.0349151
0.0486222
0.823745
-0.00129411
-0.462345
-0.10888
0.863222
0.514758
-0.0324429
4.83994
0.0244957
-0.139438
0.943212
-0.00917409
-0.680784
-0.0602074
0.102086
0.637507
-8.16046e-05
-0.374915
-0.00963844
0.0358365
0.645951
-0.00430784
-0.469099
-0.0938033
0.105286
0.850666
0.00104778
-0.453596
0.00135052
0.0921004
0.55407
0.00353728
-0.326992
-0.0619818
0.867233
0.258552
0.0189483
6.40001
-0.0378571
0.111952
0.455076
0.0351105
-1.01476
0.00827276
0.0656313
0.45098
-0.00784915
-0.392393
0.0251022
0.0788065
0.651991
0.000291981
-0.333716
-0.00202347
0.388347
0.966621
-0.00203138
-0.629854
0.0816281
-0.15597
1.58642
0.0107743
-0.925311
0.0323103
0.0204383
0.661208
-0.00447575
-0.426743
0.00576263
0.848253
0.211715
-0.00754702
5.42607
0.029309
0.0839675
0.735998
0.000724282
-0.388911
-0.0244359
0.61188
1.59483
0.00214571
-0.953153
0.0415666
0.372969
1.58891
-0.00165943
-0.879826
-0.0450506
0.171784
0.105143
0.00635412
-0.253098
-0.0201282
0.493198
1.37556
-0.0667455
6.36807
0.0517313
0.0470998
0.16728
0.00100883
-0.129878
-0.0829883
0.00182957
0.675177
0.000326425
-0.331906
-0.0266914
0.163662
0.573552
-0.00295389
-0.375383
0.0390895
0.000247492
0.671727
0.00153903
-0.394384
-0.19331
0.863478
-0.251375
-0.828141
-1.51484
0.00881176
0.00307179
0.0527195
-0.00470261
-0.142518
-0.0415213
0.101812
0.168652
0.00639106
-0.311369
0.0368433
0.0829985
0.684781
0.00996383
-0.570863
0.0303755
0.187431
1.10215
0.0271126
-0.979962
0.0451011
0.207635
0.0708739
0.00984833
-0.326334
0.0122828
0.231743
0.543174
0.0103131
-0.482133
-0.0309486
0.890048
0.116581
-0.00402233
5.55481
-0.0564501
0.068685
0.859443
0.00076356
-0.465821
-0.00533423
0.142516
1.04161
0.00160489
-0.526403
0.00174327
0.148782
0.594143
0.00233378
-0.444824
0.0588109
0.162196
0.22684
-0.00013239
-0.231283
0.00158746
0.0598094
0.547898
-0.00548233
-0.360034
-0.028096
0.154404
0.53223
0.00424145
-0.362632
0.0635153
0.255415
0.897916
0.00566604
-0.596596
0.0502404
0.210378
0.0149134
-0.00138581
-0.140938
0.0144664
0.0908102
1.4139
0.00168475
-0.791502
-0.0525613
0.228428
1.21567
7.89633e-05
-0.738528
0.0910068
0.0763085
0.986829
0.00872878
-0.620016
0.0348668
0.229441
2.38562
-0.00180477
-1.12877
-0.0695625
0.0969113
0.74075
0.00271664
-0.433091
0.0524534
0.128742
0.471714
-8.96878e-05
-0.355371
0.00577727
0.0705402
0.367428
-0.00321492
-0.326861
-0.0213235
0.0710571
1.04606
0.00166736
-0.515334
0.237243
-1.32494
0.69867
0.960953
2.34097
0.0276241
0.0581122
0.620152
0.00314192
-0.343976
0.240226
-0.175955
0.149605
0.744259
1.20952
0.0173261
0.167142
0.720125
0.00494206
-0.460954
-0.133509
0.207797
0.641546
-0.00147948
-0.457459
-0.045151
0.14915
0.0336458
-0.00184139
-0.142945
-0.142262
0.972936
0.665156
-0.0483062
5.51203
-0.02452
0.802331
0.65156
0.00744343
-0.736956
0.0398197
-0.0630994
1.05676
0.00161572
-0.531997
0.011696
0.604328
0.746571
-0.000739413
-0.573952
-0.404098
0.12699
0.507644
0.00584532
-0.585434
0.0192284
0.0418653
0.535605
0.00354085
-0.342812
-0.0280735
0.0891049
0.867494
0.00302521
-0.461261
0.0034094
0.154829
0.610433
0.00020392
-0.315191
0.00479841
0.162246
0.841674
0.0022004
-0.45724
0.109801
0.175707
0.0326825
0.00305556
-0.215293
-0.0047281
0.210501
0.622255
0.0235507
-0.727849
0.00180754
0.0845228
0.820838
-0.00125708
-0.397049
0.0115589
0.125605
1.10883
0.000514402
-0.516146
0.0277945
0.445483
0.541936
0.000616591
-0.421635
-0.0246863
0.116438
0.632383
-0.00104646
-0.33705
0.953201
0.0359189
2.56793
0.0216739
0.0309142
0.0138335
0.691226
0.00822576
3.0103
-0.00950397
-0.000824758
-0.00622584
-0.0279425
-0.0285009
-0.0506183
-0.572502
-0.000720397
-0.0146875
-0.00270022
-0.00108204
-0.00643041
-0.0371482
0.0602025
0.847225
0.0027317
0.0334159
-0.0253035
0.0111566
0.0152899
-0.592181
-0.517509
-0.00558482
0.402084
0.000501113
-0.00695747
0.0217202
-0.00966965
0.0163716
2.50081
0.00900664
-0.0078508
0.0059791
0.0716805
0.0223217
-0.0185147
0.990316
-0.00546931
0.0194659
-0.063322
0.00614528
1.2358
-0.0471804
-0.0334016
-0.015045
-0.0348452
-0.572663
-0.0070016
0.0280178
-0.00670966
0.0482426
-0.0266185
0.0291561
1.14436
-0.0079163
-0.0103998
-0.00304829
-0.00753838
-0.0171628
-0.00350623
0.0757836
0.0287333
-0.00981579
0.0337303
-0.00443718
-1.55791
-0.00233971
-0.00898914
-0.0303822
0.0230125
1.02169
0.0161619
0.465195
0.0270563
0.00784397
0.00496056
0.802665
-0.0180467
-0.00751811
-0.00954463
0.0108447
-0.0119126
-0.0339514
-0.00547521
-0.0388268
0.0198206
0.027645
-0.00650577
0.00250329
-0.00577618
-0.00329141
5.29184
