4
3
1
600
0.0152112
0.323879
-0.00527551
0.00184533
-0.197373
0.179674
0.547348
0.157546
-0.000499919
-0.384627
0.0293511
0.289371
1.18227
0.00468087
-0.714077
0.0419312
0.223376
0.355963
-0.00336962
-0.348372
0.00344234
0.471017
-0.211577
-0.00331175
-0.416486
-0.00500792
0.0741638
0.772881
0.00179991
-0.456256
-0.00516594
0.439608
0.0444902
-0.00363417
-0.28089
0.00644004
0.0272804
0.349279
-0.00121343
-0.182869
-0.0160653
0.0384662
0.0775699
-0.00111592
-0.0812247
0.0263436
0.158783
-0.207177
0.00528587
-0.28894
0.0167342
0.240886
3.33247
0.0569702
-2.52566
-0.0330877
0.16418
-0.151875
-0.00257265
-0.266477
-0.0248788
0.111722
0.182856
0.000813381
-0.145893
-0.153762
0.0699593
0.221793
0.000574022
-0.218597
0.121042
0.637178
-0.611988
-0.339343
2.59177
-0.346533
-0.020543
0.215904
0.00430882
-0.39751
-0.0403744
-0.023907
0.183978
0.0017184
-0.196743
-0.395631
-0.141617
0.138094
-0.0030243
-0.521393
0.00597533
0.0489933
0.352312
0.00163228
-0.242833
0.0057564
0.0378194
0.228741
0.00450158
-0.203146
0.0394043
0.322284
-0.789664
0.00211948
-0.669106
0.00874311
0.0562907
0.456112
0.00280922
-0.301939
-0.0407706
0.00249444
-4.62113
-1.31516
3.4389
-0.181757
0.790676
0.0710739
0.00126638
-0.503791
-0.0248372
-0.0182402
0.321573
0.000737155
-0.184212
-0.100188
-0.87569
4.21423
0.43225
-1.3663
-0.0104542
0.049751
0.178084
0.000903536
-0.116424
-0.103451
0.183718
0.423272
-0.000600314
-0.369574
-0.0324041
0.124747
0.353398
0.00149932
-0.287517
0.0288386
0.0362669
0.364848
0.00485485
-0.276563
0.266956
0.395457
0.293342
0.00267018
-0.45345
-0.0568801
0.0257934
0.592951
-0.00130524
-0.344319
-0.0462872
0.0974474
0.0175158
0.00252118
-0.132746
0.00573658
0.113573
0.314739
0.00198422
-0.239858
-0.0407774
0.0161377
1.39479
0.0421747
-1.34087
0.027151
0.102634
0.0983522
0.0062543
-0.19806
0.0125758
0.0235555
0.0820727
-0.000482158
-0.069988
0.00948053
0.221134
0.449716
-0.000119955
-0.336704
0.0597725
0.996763
2.69735
0.0554151
-2.62381
-0.288124
-0.207937
0.197747
0.00603813
-0.457778
-0.0343445
0.536906
-0.183416
0.00261102
-0.375441
0.00259629
0.0534788
0.535412
0.00611771
-0.364521
0.0450147
0.265593
-0.317989
-0.00168902
-0.353812
-0.0662384
0.174259
0.166515
0.00577096
-0.265583
0.0980693
0.0404314
0.220085
-0.000425805
-0.195229
-0.0514567
0.510271
-0.338028
0.00114476
-0.455755
-0.0368161
0.0357763
0.292891
-0.00115797
-0.179085
0.195239
0.493315
0.126179
0.023059
-0.698065
0.0152133
0.0340067
0.617111
0.0673452
-1.3577
-0.0930208
0.212498
0.022621
-0.00278509
-0.220169
0.0187258
0.236502
1.87517
0.125801
-2.94474
-0.0409145
0.0829208
0.584141
0.00316174
-0.343576
-0.0408886
0.0201187
0.145129
0.00055811
-0.203528
-0.0772933
0.099164
0.201433
0.00481095
-0.239432
-0.0173174
0.018728
0.156833
-5.64195e-05
-0.132495
-0.369432
0.306609
0.242488
-0.00230925
-0.48653
0.0250297
-0.00549639
0.362419
-0.0013226
-0.253209
-0.0354357
0.183851
0.122721
0.00405533
-0.22508
0.564779
0.790592
-2.61895
-0.481004
1.38697
0.0812935
0.133465
0.68472
-0.00513009
-0.487052
0.0213312
0.13056
0.847856
0.00191672
-0.441086
0.0256258
0.191338
3.55762
-0.00161929
-1.55765
0.0420897
0.389283
0.211589
-0.00450753
-0.379393
5.64828
3.1634
4.36339
-0.0963562
8.39012
0.00583637
0.0869818
0.347269
0.00374451
-0.289623
-0.0168349
0.0427112
0.344442
-0.00429733
-0.251302
-0.0141172
0.0271532
0.335929
0.00242037
-0.311992
0.114885
0.767593
0.564515
0.00585802
-0.702686
0.01122
0.0906911
0.384416
0.00587055
-0.299393
-0.0994642
0.0877605
0.131493
-0.000521528
-0.171166
0.178536
-0.14594
0.595206
0.000971034
-0.471163
0.00481925
0.0339028
0.393962
0.00368835
-0.255555
-0.0296168
0.100866
0.47401
-0.000808985
-0.263111
0.00812612
0.0886347
1.03239
0.00186634
-0.67241
0.0656205
1.53253
0.683794
-0.000161197
-0.940248
-0.00786258
0.0633831
0.110165
0.000830214
-0.115239
-0.0312732
0.0305174
0.356652
-0.0017631
-0.219113
-0.0295451
0.0596444
0.136132
0.000251073
-0.0999781
0.000684883
0.0454629
0.2198
0.000613894
-0.159003
-0.0358481
-0.01019
-5.03905
-1.25177
3.00134
-0.0165169
0.0580925
0.0775747
-0.000452053
-0.119527
-0.0195829
0.0450938
1.38003
0.00461533
-0.668311
-0.228531
-0.0822953
0.229862
0.00122046
-0.278695
0.0271606
0.0830267
1.62862
0.518097
3.34855
-0.0255119
0.0762253
0.449703
0.00184198
-0.267331
-0.0703664
0.0181829
0.0539554
0.00353544
-0.138337
0.0535192
0.506372
0.0844988
0.00555552
-0.440917
-0.0478895
0.0203605
0.217776
-0.00211372
-0.163409
-0.00675239
0.0964471
0.896372
0.00394721
-0.50417
-0.106188
-0.0133186
0.196464
0.0014852
-0.169411
-0.943912
0.0732385
1.09065
0.63541
-1.55383
-0.111123
0.292684
0.179889
2.50135e-05
-0.253756
-0.023681
0.13318
-0.0964789
0.00853323
-0.346537
-0.0414214
0.0592095
0.418877
-0.00323413
-0.280425
0.0317352
0.224332
2.43253
-0.000552056
-1.12323
0.0830816
0.130641
0.0874787
-0.00104525
-0.165035
-1.00311
-0.0370163
-1.48198
0.633238
-1.5721
0.0130369
0.0608906
0.509061
0.000921216
-0.285075
0.0989895
-0.244117
1.05018
0.00012408
-0.588315
-0.149156
0.249144
0.0771458
0.00217984
-0.253046
-0.0035569
0.0370674
0.214006
-0.000110198
-0.160141
-0.0726609
0.0489592
0.458393
-0.000628567
-0.306775
-0.0714291
0.194768
0.0533792
0.00394672
-0.218177
-0.00915328
0.391171
-0.508046
-0.000120936
-0.423499
0.0202311
0.119773
0.184486
0.00162949
-0.159559
0.0441706
-0.000128951
2.31347
0.638781
-3.51985
-0.292016
0.015196
0.122385
0.00323061
-0.268593
-0.0202188
0.0538549
0.39362
0.000413659
-0.200583
0.0528014
0.0441901
0.346128
-8.27959e-05
-0.275051
0.050467
0.118067
0.433111
-0.00170678
-0.386854
0.0473915
0.0431947
0.791713
0.00476858
-0.435826
-0.000766175
0.0536354
0.154429
-0.000122987
-0.0915176
0.0515377
0.0437831
0.0441061
-0.00198691
-0.132347
-0.0678824
0.142721
0.0478273
0.000630953
-0.150733
5.12248
3.35376
4.49685
-0.0740287
8.14005
0.0226478
0.011071
0.215701
-0.00034822
-0.131223
0.00962228
0.0370876
0.866102
0.00195026
-0.443385
-0.0203578
0.012309
0.118517
-0.00209408
-0.184539
-0.102216
0.20959
0.0931105
0.000231644
-0.20704
-0.0582926
0.0612458
0.307237
-0.000842988
-0.243901
0.105454
0.518171
-0.0904599
0.00346073
-0.350154
-0.00385489
0.0887828
0.417345
-0.000569977
-0.261233
0.0275915
0.395623
0.421885
-0.00167196
-0.384779
0.0180463
0.244787
0.29952
-5.71373e-06
-0.285603
-0.0421366
0.104835
0.177451
4.71012e-05
-0.203229
0.0458157
0.0151031
0.347513
-1.48672e-05
-0.18323
0.0133801
0.050762
0.137932
0.0520942
-0.986946
-0.0900828
0.146775
0.436022
0.000206841
-0.292322
-0.00135506
0.0497818
0.511829
0.00376718
-0.285879
0.0829141
0.561215
0.279365
0.00465425
-0.581709
0.00142499
0.030124
0.324558
-0.000400856
-0.160882
-0.0204333
0.0627517
0.468252
0.00233323
-0.29484
-0.0366407
0.0153822
0.192679
-0.00125214
-0.171618
0.0102685
0.0516179
0.125365
0.0037747
-0.196047
-0.0117238
0.104544
0.50181
0.00350173
-0.310997
0.0865149
0.241053
4.04757
0.549619
-3.31945
0.0117607
0.113085
0.565527
0.00298636
-0.325384
-0.0329604
0.0987695
0.524342
-0.000413259
-0.282679
-0.1323
0.583904
-0.242751
0.00134085
-0.445592
0.0412521
0.0402119
-0.026191
0.00151984
-0.13812
-0.000300393
0.0557945
0.319999
0.00142367
-0.190897
-0.00939147
-0.0230091
0.114816
-0.00152479
-0.149406
-0.0282064
0.00962968
0.084159
-3.97556e-05
-0.128674
0.183233
1.71858
-0.417829
0.00175875
-1.00784
-0.0321669
0.164095
0.19176
0.000394665
-0.165429
-0.00123501
0.0253171
0.146295
0.00051316
-0.0777042
0.00646649
0.0743783
0.393907
7.44173e-05
-0.200834
-0.0349847
0.0210716
0.44881
-0.00166847
-0.259843
0.0349528
0.44036
-0.442434
0.00223399
-0.478771
-0.0100073
0.0216811
0.189143
0.00198557
-0.129698
-0.0820795
0.248866
0.109311
0.000182983
-0.191836
-0.00532067
0.0231389
0.212971
0.000140875
-0.133467
-0.0555668
0.582448
-0.464284
0.00134296
-0.56127
-0.0175335
0.0923225
0.304583
-0.00183103
-0.245873
0.308992
0.0495043
0.441436
-0.00568454
-0.482315
-0.343403
0.0151
0.0856329
0.000877728
-0.236008
-0.259308
0.0728392
0.0483626
-0.000874552
-0.214691
0.0482134
0.0783131
-0.0994136
0.00112915
-0.158393
0.394057
0.384029
0.049263
-0.00101853
-0.392227
0.0205689
0.111477
0.322708
0.00815452
-0.31778
-0.0487398
0.218063
0.0991114
0.000728708
-0.207582
0.151707
0.0528277
0.285029
0.000699982
-0.242583
0.095661
0.11481
0.134046
0.00215798
-0.220155
0.0144395
0.149647
1.34175
0.000193085
-0.618408
0.00216631
0.0847139
0.510543
0.00321934
-0.308822
-0.0220736
0.404021
-0.0748714
-0.000154038
-0.224592
-0.032684
0.0915585
0.155743
0.00187478
-0.161768
-0.00206912
0.0505533
0.959313
-0.00126418
-0.479278
-0.0154482
0.00181365
0.179329
5.2975e-05
-0.08724
-0.129566
0.211745
0.038288
3.49689e-05
-0.171753
0.107535
0.244007
-0.377362
0.00289852
-0.387577
-0.0160973
0.0610953
0.346035
0.00519847
-0.26546
-0.0207454
0.0768295
0.269598
0.000307757
-0.155763
-0.0561771
0.316396
0.0848905
0.00283046
-0.273177
-0.189908
1.25531
-0.295246
0.00211011
-0.788978
0.123235
0.423226
0.322571
0.00273754
-0.428079
0.0859408
0.0634305
0.539482
0.00156138
-0.319645
0.0107584
0.0419083
0.125589
-0.00526983
-0.186317
0.549633
0.122599
-3.97237
-1.46868
2.54156
-0.0503608
0.15091
0.00147466
0.000446379
-0.0947235
-0.126634
0.101511
0.366587
-0.00139832
-0.281178
-0.004148
0.0149148
9.5615
2.10956
-4.18952
-0.0220558
0.0780381
0.189254
0.000484618
-0.140971
-0.0474479
0.308816
-0.0941988
-0.00171942
-0.288204
-0.405271
-0.1274
0.22513
0.00151793
-0.583509
-0.118599
0.274475
0.0832338
0.00187293
-0.24474
-0.0251998
0.0258965
0.265412
0.000130588
-0.200839
0.00637171
0.0209208
0.0965981
0.00275161
-0.1051
0.0472991
0.243721
0.166591
-0.000175863
-0.198055
-0.0401132
0.275197
0.130011
0.00096698
-0.219045
-0.150167
0.228817
-0.374281
0.000788819
-0.37539
-0.148578
0.110084
0.401296
0.000445071
-0.36721
-0.0744952
0.399249
-0.0996795
0.0022379
-0.304496
0.00516312
0.0571626
0.377165
-0.00311573
-0.243379
0.0659449
0.0757916
1.15919
0.00230049
-0.600911
0.322713
2.94122
-1.68556
0.00425345
-2.34724
0.0106357
0.0689433
0.129853
0.00101106
-0.105284
0.38522
3.51782
-2.33967
-0.0720517
-2.22611
-0.109331
0.0921613
0.302769
0.000700138
-0.230467
-0.00398328
0.097927
0.411566
0.000868432
-0.233515
-0.0818322
0.141486
0.593574
-0.000322292
-0.357156
-0.000112491
0.10228
0.271819
0.000612982
-0.189717
-0.0389472
0.0258095
0.167004
-0.000557608
-0.122397
0.255236
2.81355
4.50705
-0.00172109
-3.06813
0.0503895
0.324061
0.636813
-0.000852831
-0.454829
-0.028121
0.283491
-0.496259
-0.000429912
-0.443997
-0.0275906
0.134635
0.20326
0.00142315
-0.207548
-0.0735279
0.0233589
0.316441
0.000526628
-0.275098
-0.091002
0.0190761
0.124754
0.00102825
-0.136028
-0.231354
0.593643
0.0663138
-0.00132314
-0.407455
0.0132315
0.0311332
0.289184
0.00300343
-0.214089
0.00342784
0.0420037
0.466936
6.35614e-05
-0.229393
-0.419366
0.341368
0.356185
0.0163796
-0.759227
-0.0387766
0.0738166
0.488699
0.00526201
-0.330151
0.0447228
0.0223848
0.219974
0.00176429
-0.143674
-0.0935942
0.241727
0.020786
0.003133
-0.207207
-0.0412015
0.24597
0.393069
0.00144504
-0.313362
-0.00329178
0.0187533
0.138219
0.000638188
-0.0866491
-0.100076
0.675751
-0.275598
0.00576537
-0.584673
-0.041081
-0.0422114
1.20332
0.420763
5.85104
-0.0299458
0.131883
-4.53685
-1.0399
2.3643
0.0156107
0.0523474
2.62993
0.873773
1.95053
-0.0399092
0.0824374
0.374838
-0.000337585
-0.212953
0.00973317
-0.030098
0.300018
-0.000183049
-0.169505
0.104626
0.307242
3.99524
0.840398
-0.403372
-0.0557145
0.554075
-0.402611
-0.00173901
-0.523579
-0.0409968
0.100927
0.0542778
0.000248891
-0.111434
0.0463585
0.0761652
0.568927
0.00131073
-0.330991
-0.0999787
0.108309
0.156967
0.00646211
-0.261143
-0.0123495
0.0334771
0.215704
-0.00557276
-0.220116
0.0130326
-0.0233818
1.80022
0.414483
0.9162
0.0146688
0.0193752
0.392445
-0.00155039
-0.213843
-0.0553639
0.033008
0.205016
-0.00185846
-0.169994
-0.0482363
0.0346152
0.291577
-0.000807027
-0.190919
0.00826151
0.0378911
0.123308
0.000426755
-0.0846128
0.0892129
0.0993202
-4.04046
-1.05781
2.72292
-0.0362625
0.108979
0.191657
0.000185337
-0.165245
-0.0248965
-0.0691485
0.891156
-0.0786226
-2.01044
-0.0323606
0.0420369
0.227294
0.00259059
-0.198168
0.444677
-0.176602
-4.44894
-1.29311
2.6648
-0.00889857
0.0242984
0.12759
0.00153916
-0.111167
0.00560849
0.376005
0.359962
0.023696
-0.722797
0.0203495
0.144425
-0.185128
0.00741247
-0.284679
-0.0423025
0.0668626
0.133164
0.000437099
-0.115872
-0.0263094
0.0646944
0.408751
0.00177703
-0.257683
0.000963177
0.0606513
0.457577
-0.00191775
-0.273782
-0.140618
-0.292811
0.192026
0.0013206
-0.436073
0.0244349
0.240289
1.71521
0.000656517
-0.816001
0.00183464
0.0750671
0.314605
-0.00206943
-0.198028
-1.76686e-05
0.0534116
-0.0985232
-0.000952646
-0.164547
-0.102072
0.275317
0.121421
-0.000423835
-0.227616
-0.149154
-0.543635
-6.3544
-0.709341
4.63745
0.0233481
0.0774485
0.888564
0.108205
-2.12796
0.012969
0.0658873
0.358354
0.00113863
-0.202407
-0.146551
0.244024
0.353387
-0.000907001
-0.3412
0.0116411
0.164084
0.296795
0.00253597
-0.252349
-0.276283
-0.074538
0.0523504
-0.00440002
-0.309918
-0.0307003
0.163366
0.329774
0.00327158
-0.282161
0.0197586
0.0568528
0.340351
0.00301339
-0.217664
-0.0586265
0.0841505
0.672655
0.000187924
-0.450714
-0.0308702
0.674352
2.03029
-0.00115451
-1.16703
-0.0179643
0.0716666
0.584456
0.00549505
-0.39517
0.0174093
0.315619
-0.439292
-0.00163524
-0.43497
-0.053032
0.132206
0.025694
0.00213386
-0.145713
-0.0118336
0.0127403
0.104751
0.0022618
-0.117003
0.0812476
0.27705
-0.0999318
0.0661774
-1.38988
-0.0674251
0.0604511
0.125896
-0.000473538
-0.139918
-0.148188
0.447401
-0.0465546
0.000302211
-0.303438
0.00395931
0.410797
-0.739524
-0.000941733
-0.595652
-0.0341771
0.0267885
0.160974
8.3593e-05
-0.122175
-0.123217
0.096016
0.0754228
0.00106834
-0.156099
0.00292429
0.058208
0.15256
0.00191432
-0.139467
0.0010989
0.020764
0.300865
-0.000249503
-0.13572
0.0150601
0.102204
0.124318
0.000301784
-0.136011
-0.0271498
0.080124
3.14577
0.117276
-2.03941
0.0120846
0.125835
0.189334
-0.000409442
-0.159237
-0.0309732
-0.132211
0.450977
0.386744
-3.69292
-0.0010129
-0.0248192
0.263949
0.00370098
-0.183508
-0.103397
0.485397
-0.379324
0.00310672
-0.561059
0.0304407
0.0822936
0.306151
-0.00199768
-0.240405
-0.0178986
0.253403
-0.00727522
0.000393895
-0.137656
-0.0759481
0.0401115
0.25076
-0.00442831
-0.257368
-0.0484767
0.0442289
0.0487484
-6.43167e-05
-0.0679864
-0.0222457
0.107765
0.349923
0.000507111
-0.229734
-0.137748
0.376081
0.0538842
0.000338695
-0.249461
-0.0215081
0.00503643
-0.0493529
0.00680261
-0.185616
-0.196675
0.061992
0.387417
0.00200064
-0.362678
-0.0408521
0.0559359
0.202306
-0.000260858
-0.13105
-0.111108
0.439662
0.0517929
0.00241523
-0.301555
-0.0256367
0.0759746
0.280512
0.00178124
-0.191323
0.0218932
0.053563
0.104021
-0.000588016
-0.107394
0.0347397
0.455488
-0.137611
-0.000100179
-0.309419
0.0317245
1.22198
1.25636
-0.0046249
-1.1084
0.0202404
0.119581
0.418013
0.000534457
-0.276077
0.0122924
0.055613
0.406667
-0.00104834
-0.238802
-0.0101945
0.0660968
0.423813
-0.0028423
-0.269403
-0.159497
0.14625
0.501789
0.00150321
-0.374911
-0.0270413
0.0572539
0.34854
0.00072501
-0.226247
-0.0119792
0.151574
0.187511
0.00252436
-0.227147
0.00182279
0.0272571
0.188675
0.00110755
-0.17333
0.135226
0.171777
-0.230217
-0.097494
5.97486
0.0526055
0.230054
0.140534
0.00258801
-0.230665
0.0108006
0.888753
0.164721
0.0292992
6.2769
0.0362974
0.129199
0.863391
0.00977209
-0.59881
0.00871384
0.0734782
0.330491
0.00186421
-0.241141
0.0231583
0.123491
0.394892
0.000690377
-0.300532
-0.0219878
0.769265
0.300961
-0.0133061
5.18573
0.0286506
0.0866948
0.528728
0.00120096
-0.308151
-0.0377109
0.741367
0.0858892
0.0385356
6.41156
0.0271399
0.0523314
0.416086
0.00296715
-0.305772
-0.0783615
0.040675
-0.0375329
0.00125106
-0.0946094
-0.0443727
0.0266749
0.462094
7.33254e-05
-0.244959
-0.0396709
0.0667269
0.455333
0.00137965
-0.297246
0.113206
0.103704
0.588277
0.000271535
-0.351753
0.0274583
0.203261
0.864402
-0.000182074
-0.453657
-0.17914
0.832288
-0.6182
-0.820525
-1.68733
0.0162688
0.0316597
0.864882
-0.000177478
-0.406982
0.0345526
0.322156
0.316371
0.00226619
-0.314766
0.084572
-0.133669
1.28533
-5.75233e-05
-0.621667
0.0124405
0.159769
0.641143
0.0163206
-0.615993
0.00652103
0.061317
0.355164
-0.00202682
-0.21532
0.0688861
0.0721471
1.54802
0.00179478
-0.794862
-0.221563
0.849225
0.970414
-0.0658427
3.85569
-0.00475789
0.45455
0.240332
-0.078992
5.71937
0.0118397
0.0280092
-0.0581108
-0.000777779
-0.119913
-0.0341548
0.193272
1.52102
-0.00165323
-0.819486
-0.122949
0.273419
0.996688
0.000745232
-0.588423
-0.00571762
0.131673
0.859532
0.00810867
-0.58798
-0.00354371
0.111368
0.90928
0.000766646
-0.44996
0.000175473
0.170983
1.51857
-0.00582479
-0.852802
-0.234399
0.92702
-0.376302
-0.746489
-1.92965
0.0349151
0.0486222
0.823745
-0.00129411
-0.462345
-0.10888
0.863222
0.514758
-0.0324429
4.83994
0.0244957
-0.139438
0.943212
-0.00917409
-0.680784
-0.0602074
0.102086
0.637507
-8.16046e-05
-0.374915
-0.00963844
0.0358365
0.645951
-0.00430784
-0.469099
-0.0938033
0.105286
0.850666
0.00104778
-0.453596
0.00135052
0.0921004
0.55407
0.00353728
-0.326992
-0.0619818
0.867233
0.258552
0.0189483
6.40001
-0.0378571
0.111952
0.455076
0.0351105
-1.01476
0.00827276
0.0656313
0.45098
-0.00784915
-0.392393
0.0251022
0.0788065
0.651991
0.000291981
-0.333716
-0.00202347
0.388347
0.966621
-0.00203138
-0.629854
0.0816281
-0.15597
1.58642
0.0107743
-0.925311
0.0323103
0.0204383
0.661208
-0.00447575
-0.426743
0.00576263
0.848253
0.211715
-0.00754702
5.42607
0.029309
0.0839675
0.735998
0.000724282
-0.388911
-0.0244359
0.61188
1.59483
0.00214571
-0.953153
0.0415666
0.372969
1.58891
-0.00165943
-0.879826
-0.0450506
0.171784
0.105143
0.00635412
-0.253098
-0.0201282
0.493198
1.37556
-0.0667455
6.36807
0.0517313
0.0470998
0.16728
0.00100883
-0.129878
-0.0829883
0.00182957
0.675177
0.000326425
-0.331906
-0.0266914
0.163662
0.573552
-0.00295389
-0.375383
0.0390895
0.000247492
0.671727
0.00153903
-0.394384
-0.19331
0.863478
-0.251375
-0.828141
-1.51484
0.00881176
0.00307179
0.0527195
-0.00470261
-0.142518
-0.0415213
0.101812
0.168652
0.00639106
-0.311369
0.0368433
0.0829985
0.684781
0.00996383
-0.570863
0.0303755
0.187431
1.10215
0.0271126
-0.979962
0.0451011
0.207635
0.0708739
0.00984833
-0.326334
0.0122828
0.231743
0.543174
0.0103131
-0.482133
-0.0309486
0.890048
0.116581
-0.00402233
5.55481
-0.0564501
0.068685
0.859443
0.00076356
-0.465821
-0.00533423
0.142516
1.04161
0.00160489
-0.526403
0.00174327
0.148782
0.594143
0.00233378
-0.444824
0.0588109
0.162196
0.22684
-0.00013239
-0.231283
0.00158746
0.0598094
0.547898
-0.00548233
-0.360034
-0.028096
0.154404
0.53223
0.00424145
-0.362632
0.0635153
0.255415
0.897916
0.00566604
-0.596596
0.0502404
0.210378
0.0149134
-0.00138581
-0.140938
0.0144664
0.0908102
1.4139
0.00168475
-0.791502
-0.0525613
0.228428
1.21567
7.89633e-05
-0.738528
0.0910068
0.0763085
0.986829
0.00872878
-0.620016
0.0348668
0.229441
2.38562
-0.00180477
-1.12877
-0.0695625
0.0969113
0.74075
0.00271664
-0.433091
0.0524534
0.128742
0.471714
-8.96878e-05
-0.355371
0.00577727
0.0705402
0.367428
-0.00321492
-0.326861
-0.0213235
0.0710571
1.04606
0.00166736
-0.515334
0.237243
-1.32494
0.69867
0.960953
2.34097
0.0276241
0.0581122
0.620152
0.00314192
-0.343976
0.240226
-0.175955
0.149605
0.744259
1.20952
0.0173261
0.167142
0.720125
0.00494206
-0.460954
-0.133509
0.207797
0.641546
-0.00147948
-0.457459
-0.045151
0.14915
0.0336458
-0.00184139
-0.142945
-0.142262
0.972936
0.665156
-0.0483062
5.51203
-0.02452
0.802331
0.65156
0.00744343
-0.736956
0.0398197
-0.0630994
1.05676
0.00161572
-0.531997
0.011696
0.604328
0.746571
-0.000739413
-0.573952
-0.404098
0.12699
0.507644
0.00584532
-0.585434
0.0192284
0.0418653
0.535605
0.00354085
-0.342812
-0.0280735
0.0891049
0.867494
0.00302521
-0.461261
0.0034094
0.154829
0.610433
0.00020392
-0.315191
0.00479841
0.162246
0.841674
0.0022004
-0.45724
0.109801
0.175707
0.0326825
0.00305556
-0.215293
-0.0047281
0.210501
0.622255
0.0235507
-0.727849
0.00180754
0.0845228
0.820838
-0.00125708
-0.397049
0.0115589
0.125605
1.10883
0.000514402
-0.516146
0.0277945
0.445483
0.541936
0.000616591
-0.421635
-0.0246863
0.116438
0.632383
-0.00104646
-0.33705
0.0105398
0.0987635
0.667088
0.010993
-0.492766
0.0582405
-0.100149
0.552929
0.00808089
-0.447096
-0.0234167
0.122897
2.00922
0.0708231
1.97615
0.0282474
0.23905
1.13634
0.00153733
-0.623731
0.0453401
-0.208175
0.392199
0.00167245
-0.30791
-0.0423001
0.989382
1.01403
0.40543
0.902886
0.14719
-0.108041
0.567369
-0.0040832
-0.514226
-0.0335921
0.0407862
0.613141
-0.000312384
-0.467447
0.0759195
0.365529
0.399963
0.282237
2.88616
0.0477526
0.143315
0.949012
0.000146048
-0.464367
-0.0111473
-0.64765
-0.756781
0.187192
4.02576
-0.189984
-0.0565126
0.796857
0.036639
0.70718
0.00211976
0.0674113
0.650718
-0.00593306
-0.414098
0.0432932
0.103053
1.39843
0.00232013
-0.746799
0.104746
-0.0257079
0.383291
0.0109736
-0.401256
-0.0558868
-0.0632993
0.65584
0.00472024
-0.450194
-0.0203612
-0.445649
-0.219998
0.20987
4.08255
0.0463367
-0.115492
0.465484
0.00605227
-0.37056
0.152695
-0.124761
0.718403
2.4551e-05
-0.558663
0.271097
-0.214364
0.280938
0.00243368
-0.36738
-0.164398
0.0771667
2.2262
-0.000783178
-1.07517
0.0193955
-0.0763161
0.447294
-0.000472801
-0.349601
0.112222
-0.367517
0.706386
0.0116611
0.395059
0.0360818
-0.00208676
0.453985
0.00819435
-0.367225
-0.0221088
0.0892874
1.04918
0.000135055
-0.646256
0.0488237
0.145079
-1.09513
0.182781
3.96789
0.0547131
0.187113
0.409379
0.00411234
-0.396918
-0.00772686
-0.0998727
1.45763
0.0750815
1.58348
0.0801172
0.627087
0.928675
0.1226
3.19789
0.0365147
0.126259
1.29991
-0.00419596
-0.747557
-0.0687703
0.0584561
0.0429704
0.00187514
-0.132065
0.030116
0.06732
0.648123
0.00448288
-0.397494
-0.0011074
-0.0650263
1.10629
-0.00697223
-0.750163
0.0288159
-0.041008
0.599965
0.00693195
-0.456577
0.0198494
0.127548
1.65208
0.117376
2.99465
-0.117601
0.0995199
0.67768
7.40816e-05
-0.374569
-0.126663
-0.181541
0.676246
0.0105443
0.478494
-0.163214
0.134527
0.182149
-0.000596146
-0.263593
-0.0346906
-0.285897
0.681579
0.0109266
0.568462
0.0508714
-0.00160601
0.535917
-0.00412487
-0.458909
-0.0021674
-0.0185091
0.429972
0.00943941
-0.359268
0.0691377
0.0290828
0.69123
0.00429876
-0.388133
0.116278
-0.0398325
0.481546
0.0145628
-0.622073
0.0271216
-0.0923514
0.269434
0.00228247
-0.210685
-0.0466102
-0.00157567
0.764787
0.0017941
-0.419391
-0.00326107
0.0880269
1.1452
-0.00195295
-0.599247
0.0232125
0.206349
-0.937286
0.154066
3.71611
-0.10627
-0.830697
-3.06077
-0.729801
-1.46944
-0.0566237
-0.162645
0.294596
-0.00125657
-0.327212
0.0643163
-0.375484
0.115957
0.00968658
-0.493612
-0.0841379
0.851408
0.355635
0.104225
2.09335
0.417116
-0.904052
-2.62632
-0.00415385
-2.0582
-0.0443276
0.0210974
0.495319
0.00635514
-0.429075
0.0591506
-0.296058
0.256189
0.00127138
-0.297051
-0.0770387
-0.213537
1.1002
-0.00105262
-0.777811
0.04711
-0.201962
0.495433
0.00165557
-0.420341
-0.101501
-0.925207
0.758885
0.196609
4.09225
0.0864404
0.0384694
0.600428
-0.00855716
-0.477138
0.130597
-0.232453
0.480012
-0.000312349
-0.452009
0.120472
0.0988026
0.602339
0.0043594
-0.455959
-0.0583038
0.73095
-0.915391
0.165515
3.55661
0.0361759
-0.0252311
0.581239
0.00519297
-0.394872
-0.29288
0.436086
0.48178
0.105007
1.3163
0.213804
-0.0296801
0.12737
0.0103384
-0.335139
0.0759255
-0.19659
0.389876
-0.0115875
-0.53629
0.0820971
-0.00770772
0.543469
0.000841981
-0.355688
0.0459697
0.276223
0.0134436
0.00728462
-0.2781
-0.027224
0.110252
0.616219
0.0049076
-0.406157
-0.0139558
0.0288682
0.430359
0.0110571
-0.388841
0.134511
0.181185
1.17363
0.143398
2.77878
0.0208093
0.217371
0.500294
0.00159405
-0.330171
0.107632
-0.335391
0.668748
-0.0356824
0.121492
0.0521671
-0.0899662
0.724272
-0.00160943
-0.393488
0.0336959
-0.0818698
0.188447
0.00689275
-0.270556
0.0398279
0.0165748
0.55121
0.0119867
-0.45599
0.0581883
0.0413721
0.761355
0.00188636
-0.515183
0.284265
-0.102841
0.620677
0.0622257
-0.453375
0.0287916
0.184875
-0.944788
0.172675
3.82583
0.0574307
0.476073
0.235038
0.271376
2.90549
-0.142104
0.69471
-0.920884
0.16774
3.5806
0.0516264
-0.234395
0.332277
-9.72348e-05
-0.298326
-0.0248586
0.65174
3.36091
0.127233
4.36903
0.0577115
0.0694642
0.627692
0.00358504
-0.609785
0.0441283
0.15046
0.564906
0.315281
3.02665
0.050452
0.164141
0.782799
0.00621618
-0.563898
0.153628
0.495952
-0.822304
0.131533
3.56213
-0.0797123
0.184771
0.247306
0.00514661
-0.332965
0.0680429
0.0278813
0.916822
0.00207789
-0.457977
-0.00455385
-0.268929
0.701384
0.0186623
0.62427
0.0375659
-0.047018
0.40075
0.0116604
-0.476637
0.11481
-0.0216675
0.383688
0.00203945
-0.292781
0.0542135
-0.195791
0.511797
-0.00295248
-0.406531
0.0136941
0.0880467
0.717436
0.00363992
-0.389883
-0.105057
-0.802851
0.879672
0.200102
4.09037
0.0332793
-0.0912848
1.25237
0.0906514
1.73776
-0.0708847
-1.014
-3.09337
-0.55022
-1.39348
0.0424066
0.273098
1.41068
0.00222247
-0.751635
0.100209
-0.0597306
0.905223
0.0031056
-0.551566
0.0505946
0.3293
1.02897
-0.00279024
-0.684816
-0.0932411
0.0325242
0.789963
0.00174863
-0.451126
0.111562
0.530978
4.17004
0.19552
4.20108
-0.0475588
0.0020814
0.275945
0.00724245
-0.289009
0.0209774
-0.0127612
1.404
0.0113372
-0.777592
0.0239801
0.171802
1.08078
0.00284602
-0.582073
-0.029268
0.0760902
1.73942
0.00251972
-0.945971
0.0504026
-0.0563588
0.348339
-0.000838965
-0.255472
0.109014
-0.249995
-0.308646
0.0055471
-0.550605
-0.300191
0.109022
1.24147
-0.0029188
-0.781438
0.176362
-0.283046
0.445494
0.00139319
-0.419784
0.165229
0.0806442
-0.218756
-0.0137239
-0.498298
0.0959661
0.639069
0.367317
-0.00724226
-0.687396
0.0477142
0.539964
3.11273
0.140832
4.54907
0.103014
0.130297
-0.212976
-0.00705086
-0.384929
0.0764287
-0.151098
0.267967
0.00156614
-0.382733
-0.158246
0.767686
1.23306
-0.0262301
-0.699376
0.0351052
-0.0595455
0.399319
0.0119195
-0.414878
-0.176832
0.240965
0.79074
0.0148408
-0.815542
0.0163838
-0.0637988
1.0977
0.00510835
-0.617095
0.00961917
0.0555983
1.01929
0.00639367
-0.553774
0.253483
-0.362097
0.655063
-0.0637722
-0.123693
0.0730088
-0.260156
0.552926
0.0046105
-0.463155
0.0441865
-0.203411
0.282052
0.0080364
-0.429534
0.127181
-0.311527
0.335713
-0.0375449
-0.0589429
0.00024581
0.149694
2.43461
0.148709
3.20563
0.063543
-0.014342
0.72627
0.00532252
-0.419415
0.00701702
0.00922494
0.522696
0.00233031
-0.489729
0.0304934
-0.0860946
0.536819
-0.00446808
-0.473956
0.112217
-0.0864843
0.385031
0.0050209
-0.494186
0.00707928
-0.00649352
0.203143
0.00700337
-0.255325
0.0172908
0.103801
0.874264
0.00369221
-0.618299
0.0163454
0.145792
0.921353
-0.00165372
-0.468304
0.123107
-0.129185
0.106895
0.00480892
-0.25083
-0.0439966
-0.165189
0.688369
0.00659771
-0.491928
0.0503531
0.114268
1.89221
0.1035
2.2112
-0.0181691
-0.0567975
0.624318
-0.000818867
-0.313882
0.0381878
-0.0510791
0.177961
-0.0113955
-0.401258
0.0950323
-0.174038
0.270648
-0.00240295
-0.334135
0.0167317
0.144325
1.22209
-0.00446182
-0.669502
0.0969567
-0.247245
0.478138
0.0042111
-0.541839
0.0102163
0.0261646
0.860226
0.003387
-0.607869
0.0993527
0.365491
0.918962
0.00568765
-0.69053
-0.00108467
0.247963
-1.0204
0.169919
3.86882
0.0530952
-0.434008
0.370983
0.00173987
-0.455302
0.0829562
-0.128817
0.535809
0.00158644
-0.352404
0.0737359
0.0257194
0.668556
0.000883076
-0.340824
-0.0197146
0.0958837
1.00815
0.0177923
-0.767856
0.0302882
-0.0342123
0.355847
-0.0015607
-0.214445
-0.0183316
0.611935
1.20429
0.10551
2.29589
0.0481972
0.0763331
0.463804
-0.00222003
-0.320067
0.0331294
0.0381588
1.52686
0.00292297
-0.813799
0.134817
0.0941932
0.0928963
0.00330898
-0.23314
0.213059
-0.257098
0.384384
-0.00303505
-0.525452
0.0387365
-0.0550786
0.729213
0.0103214
-0.513863
-0.0803552
0.0629353
0.757729
-0.00257926
-0.46609
0.0381399
-0.0879979
0.275216
0.00363984
-0.361489
0.171162
0.183462
-0.408084
0.0013887
-0.404504
-0.0121915
-0.0277943
0.0142905
-0.00101118
-0.0715727
0.0514002
0.184413
0.511664
-0.00143507
-0.373158
0.0688649
-1.11229
-2.59112
0.00726868
-1.99808
0.221598
-0.0884363
0.363689
0.00217742
-0.316755
0.0620604
0.0605306
0.694677
0.000695375
-0.349484
0.111631
0.319255
1.72214
0.0016377
-0.939274
0.0193118
0.00936246
0.863974
-0.0013402
-0.494381
-0.0557899
-0.151953
0.729416
0.00599434
-0.550604
-0.0107313
0.185489
0.81345
0.000591202
-0.464167
-0.0300152
0.0501608
0.478364
0.00160679
-0.278639
-0.0464249
0.0334233
0.783941
0.000886697
-0.401467
-0.0119035
0.0559921
1.90517
0.247671
0.224911
0.0556215
0.734378
4.17847
0.154335
4.45047
0.171617
-0.339093
0.527499
-0.00199073
-0.51213
-0.0206294
-0.0752715
0.834289
0.0019856
-0.45016
0.117706
-0.10177
-0.21177
0.156835
3.37736
0.0213807
-0.0631712
-1.09597
0.179042
3.94927
-0.0316411
-0.618957
-0.609957
0.210465
4.12116
-0.194256
-0.446372
0.137374
0.187028
3.86847
0.0635187
-0.137015
0.346195
-0.00137804
-0.287648
-0.0335822
0.439767
0.538936
0.210803
2.61616
0.126111
-0.395033
0.802819
-0.00438675
0.250985
0.00722491
-0.43576
-0.488615
0.198312
3.98685
-0.000658898
0.726243
2.83454
0.00126784
-1.63384
0.0622863
-0.0101569
1.31581
-0.000196423
-0.605688
0.0101186
0.494554
-0.982926
0.137996
3.76442
-0.0757523
-0.801304
0.881399
0.159354
4.06473
0.0344551
0.0195913
0.661688
0.00205606
-0.540115
0.00301774
-0.111065
-0.30997
0.00276011
-0.339941
0.0453153
0.670647
1.39466
0.133739
2.91393
0.182899
-0.404621
0.862815
-0.0011782
-0.724865
-0.0187236
-0.0826847
0.121507
0.00176435
-0.154105
0.0548539
-0.0858572
0.488663
0.00224716
-0.433614
-0.174427
0.0852369
0.956331
0.065739
1.49473
-0.141405
0.0345836
1.2682
-0.00416401
-0.898247
0.0638685
0.0468634
0.783711
0.00114454
-0.517799
0.0743207
-0.117623
0.45923
0.00193034
-0.379281
0.136214
-0.116162
0.563308
0.00246756
-0.400128
0.0235872
-0.343868
-0.14534
0.00668408
-0.408795
-0.0687912
0.421129
1.30483
0.141046
2.67961
0.0846323
0.575144
2.22164
0.0045072
-1.25929
0.0185774
0.0153628
0.389293
0.000658691
-0.252205
0.0387279
-0.0841243
1.1228
0.00471674
-0.5935
0.0404522
0.396984
1.37408
0.00410766
-0.796051
0.00605299
0.144956
-1.29124
-0.00790361
0.00168652
-0.0147086
-0.00856633
-0.0107048
-0.022546
0.0110664
0.677474
0.00193036
0.015241
0.0126505
-0.170731
-0.132821
0.00544852
0.00362545
0.00115935
0.00918323
0.00338571
-0.00473734
0.549807
0.00382466
0.0150942
0.20512
-0.0209275
-0.0218645
0.000883157
0.00832734
0.164148
0.00345477
-0.00226756
-0.00506087
1.03608
0.0135602
-0.0239344
0.0178157
-0.143156
-0.00402344
-0.00584358
0.0184114
0.0117474
-0.00125342
-0.0257415
0.00616289
0.00877682
-0.0653445
5.09262
-0.00143502
2.16757
0.00798267
-0.0138254
0.0116145
0.00780086
-0.00257515
0.0218144
0.00427556
0.032555
0.299308
0.0144742
0.0389642
0.0254068
0.961481
-0.0138266
-8.23472e-05
0.0144572
0.0230847
0.00036803
0.00636638
0.00196869
0.0144908
0.0130734
0.477914
0.108224
0.000587848
0.00727578
0.00519937
-0.00934958
1.16545
-0.0082543
0.0106572
-0.041929
5.57468
-0.017675
0.00760398
-0.115215
0.00278782
0.00821247
0.00727561
-1.26921
0.0149277
-0.00857946
0.00674545
0.0898741
0.00125259
-0.129278
0.00674699
-0.0110382
0.0010868
-0.00627596
0.0103839
-0.00114853
-0.0140369
-0.00742956
1.59266
-0.00254097
0.003344
-0.00513603
0.0979834
0.0106052
0.0262632
0.00213789
0.00100746
0.672807
-0.00492929
0.00880153
-0.00521268
0.00870263
0.00700999
-0.0121343
0.00997778
-0.0106715
0.0036694
0.0171046
0.00822047
0.00970839
-0.00745608
-0.000544518
0.511621
0.00171868
0.0133051
0.0020218
-0.0122972
-0.000302318
-0.287133
-0.00390594
-0.0105086
0.00831148
-0.00889139
8.68844e-05
0.00244374
-0.0118439
0.0016155
0.0123691
-0.0275199
0.00333567
0.0111226
0.0288523
0.0144017
0.0153461
0.0187746
-0.00907855
0.0129664
0.0110279
0.00911743
-0.0322603
-0.0112998
0.0132975
-0.0105778
0.00512169
0.012739
-0.000152022
1.0452
-0.000541198
0.0139972
-0.0069562
0.00566567
-0.0415908
-0.0110042
-0.018974
-0.00175343
-6.31291e-05
-0.012473
-0.016542
0.160894
3.65126e-05
0.000775229
1.43077
-0.00957807
-0.00748862
-1.94891
-0.0153596
0.000514125
-0.0461077
0.0013205
0.013445
-0.0150348
0.00153244
0.00753367
-0.000216083
0.00601645
0.00616664
0.000254956
0.0545088
0.0838894
0.00560258
0.282716
0.0123489
0.00788575
0.00848311
0.00755082
0.00416992
-0.00670183
0.00518878
3.52664e-05
0.00412372
0.00711185
-0.0109114
0.000104682
0.00511497
0.0116605
-0.00417569
0.0057089
0.00556908
-0.000326542
-0.00498914
-0.040977
0.00314778
7.28949
0.357574
1.88393
0.0128506
0.0217678
0.379347
0.017879
-0.00954362
-0.00810243
-0.0191424
0.00517842
-0.510212
-0.00656474
0.00357744
0.0073963
-0.0200282
0.260619
-0.0011699
-1.36554
-0.00548969
1.31137
0.0107471
0.489149
-0.00774857
-0.00054363
0.0100552
0.00735233
-0.0487493
0.0104774
-0.000267023
0.0203314
0.00128711
0.836629
4.76025
0.0144656
-0.00510397
-0.010653
-0.0192557
-0.0107729
-0.00391959
6.56136e-05
0.0145901
0.00873835
0.0132649
0.00651124
0.0081621
-0.011886
0.00613655
-0.00446324
-0.025363
0.00735153
0.0213558
0.0074934
0.0163359
0.00404037
0.419651
0.000896788
5.89768
0.00815873
-0.0156525
-0.00817927
-0.0142055
-0.00534558
0.00753864
0.00546505
0.00783982
-0.01405
-0.018426
-0.0107704
0.0220386
-0.00909279
-0.055039
0.00533767
0.0036928
-0.0101363
-0.00337795
0.00777861
0.00271805
0.00839209
-0.00720099
0.00742946
0
0
0
0
0
0
0
0
0
0
0
0
0
0
0
0
0
0
0
0
0
0
0
0
0
0
0
0
0
0
0
0
0
0
0
0
0
0
0
0
0
0
0
0
0
0
0
0
0
0
0
0
0
0
0
0
0
0
0
0
0
0
0
0
0
0
0
0
0
0
0
0
0
0
0
0
0
0
0
0
0
0
0
0
0
0
0
0
0
0
0
0
0
0
0
0
0
0
0
0
0
0
0
0
0
0
0
0
0
0
0
0
0
0
0
0
0
0
0
0
0
0
0
0
0
0
0
0
0
0
0
0
0
0
0
0
0
0
0
0
0
0
0
0
0
0
0
0
0
0
0
0
0
0
0
0
0
0
0
0
0
0
0
0
0
0
0
0
0
0
0
0
0
0
0
0
0
0
0
0
0
0
0
0
0
0
0
0
0
0
0
0
0
0
0
0
0
0
0
0
0
0
0
0
0
0
0
0
0
0
0
0
0
0
0
0
0
0
0
0
0
0
0
0
0
0
0
0
0
0
0
0
0
0
0
0
0
0
0
0
0
0
0
0
0
0
0
0
0
0
0
0
0
0
0
0
0
0
0
0
0
0
0
0
0
0
0
0
0
0
0
0
0
0
0
0
0
0
0
0
0
0
0
0
0
0
0
0
0
0
0
0
0
0
0
0
0
0
0
0
4.28724
0
0
0
0
0
0
0
0
0
0
0
0
0
0
0
0
0
0
0
0
0
0
0
0
0
0
0
0
0
0
0
0
0
0
0
0
0
0
0
0
0
0
0
0
0
0
0
0
0
0
0
0
0
0
0
0
0
0
0
0
0
0
0
0
0
0
0
0
0
0
0
0
0
0
0
0
0
0
0
0
0
0
0
0
0
0
0
0
0
0
0
0
0
0
0
0
0
0
0
0
0
0
0
0
0
0
0
0
0
0
0
0
0
0
0
0
0
0
0
0
0
0
0
0
0
0
0
0
0
0
0
0
0
0
0
0
0
0
0
0
0
0
0
0
0
0
0
0
0
0
0
0
0
0
0
0
0
0
0
0
0
0
0
0
0
0
0
0
0
0
0
0
0
0
0
0
0
0
0
0
0
0
0
0
0
0
0
0
0
0
0
0
0
0
0
0
0
0
0
0
0
0
0
0
0
0
0
0
0
0
0
0
0
0
0
0
0
0
0
0
0
0
0
0
0
0
0
0
0
0
0
0
0
0
0
0
0
0
0
0
0
0
0
0
0
0
0
0
0
0
0
0
0
0
0
0
0
0
0
0
0
0
0
0
0
0
0
0
0
0
0
0
0
0
0
0
0
0
0
0
0
0
0
0
0
0
0
0
0
0
0
0
0
0
0
0
0
0
0
0
0.953201
0.0359189
2.56793
0.0216739
0.0309142
0.0138335
0.691226
0.00822576
3.0103
-0.00950397
-0.000824758
-0.00622584
-0.0279425
-0.0285009
-0.0506183
-0.572502
-0.000720397
-0.0146875
-0.00270022
-0.00108204
-0.00643041
-0.0371482
0.0602025
0.847225
0.0027317
0.0334159
-0.0253035
0.0111566
0.0152899
-0.592181
-0.517509
-0.00558482
0.402084
0.000501113
-0.00695747
0.0217202
-0.00966965
0.0163716
2.50081
0.00900664
-0.0078508
0.0059791
0.0716805
0.0223217
-0.0185147
0.990316
-0.00546931
0.0194659
-0.063322
0.00614528
1.2358
-0.0471804
-0.0334016
-0.015045
-0.0348452
-0.572663
-0.0070016
0.0280178
-0.00670966
0.0482426
-0.0266185
0.0291561
1.14436
-0.0079163
-0.0103998
-0.00304829
-0.00753838
-0.0171628
-0.00350623
0.0757836
0.0287333
-0.00981579
0.0337303
-0.00443718
-1.55791
-0.00233971
-0.00898914
-0.0303822
0.0230125
1.02169
0.0161619
0.465195
0.0270563
0.00784397
0.00496056
0.802665
-0.0180467
-0.00751811
-0.00954463
0.0108447
-0.0119126
-0.0339514
-0.00547521
-0.0388268
0.0198206
0.027645
-0.00650577
0.00250329
-0.00577618
-0.00329141
0
0
0
0
0
0
0
0
0
0
0
0
0
0
0
0
0
0
0
0
0
0
0
0
0
0
0
0
0
0
0
0
0
0
0
0
0
0
0
0
0
0
0
0
0
0
0
0
0
0
0
0
0
0
0
0
0
0
0
0
0
0
0
0
0
0
0
0
0
0
0
0
0
0
0
0
0
0
0
0
0
0
0
0
0
0
0
0
0
0
0
0
0
0
0
0
0
0
0
0
0
0
0
0
0
0
0
0
0
0
0
0
0
0
0
0
0
0
0
0
0
0
0
0
0
0
0
0
0
0
0
0
0
0
0
0
0
0
0
0
0
0
0
0
0
0
0
0
0
0
0
0
0
0
0
0
0
0
0
0
0
0
0
0
0
0
0
0
0
0
0
0
0
0
0
0
0
0
0
0
0
0
0
0
0
0
0
0
0
0
0
0
0
0
0
0
0
0
0
0
5.29184
0
0
0
0
0
0
0
0
0
0
0
0
0
0
0
0
0
0
0
0
0
0
0
0
0
0
0
0
0
0
0
0
0
0
0
0
0
0
0
0
0
0
0
0
0
0
0
0
0
0
0
0
0
0
0
0
0
0
0
0
0
0
0
0
0
0
0
0
0
0
0
0
0
0
0
0
0
0
0
0
0
0
0
0
0
0
0
0
0
0
0
0
0
0
0
0
0
0
0
0
0
0
0
0
0
0
0
0
0
0
0
0
0
0
0
0
0
0
0
0
0
0
0
0
0
0
0
0
0
0
0
0
0
0
0
0
0
0
0
0
0
0
0
0
0
0
0
0
0
0
0
0
0
0
0
0
0
0
0
0
0
0
0
0
0
0
0
0
0
0
0
0
0
0
0
0
0
0
0
0
0
0
0
0
0
0
0
0
0
0
0
0
0
0
0
0
0
0
0
0
0
0
0
0
0
0
0
0
0
0
0
0
0
0
0
0
0
0
0
0
0
0
0
0
0
0
0
0
0
0
0
0
0
0
0
0
0
0
0
0
0
0
0
0
0
0
0
0
0
0
0
0
0
0
0
0
0
0
0
0
0
0
0
0
0
0
0
0
0
0
0
0
0
0
0
0
0
0
0
0
0
0
0
0
0
0
0
0
0
0
0
0
0
0
0
0
0
0
0
0
0
0
0
0
0
0
0
0
0
0
0
0
0
0
0
0
0
0
0
0
0
0
0
0
0
0
0
0
0
0
0
0
0
0
0
0
0
0
0
0
0
0
0
0
0
0
0
0
0
0
0
0
0
0
0
0
0
0
0
0
0
0
0
0
0
0
0
0
0
0
0
0
0
0
0
0
0
0
0
0
0
0
0
0
0
0
0
0
0
0
0
0
0
0
0
0
0
0
0
0
-0.0127563
-0.00638434
0.2658
0.0603428
0.0248471
0.64725
-0.0125012
-0.0148371
0.203507
0.0421094
1.5046
0.000316132
0.0395209
0.00144569
0.0240562
-0.0171667
1.42481
0.00306252
0.00256413
-0.0213083
-0.0129574
-0.0294151
-0.00423363
0.0147868
-0.0295683
2.27514
0.0336772
0.0394758
0.227273
0.0273274
0.00642426
0.00758949
0.0137473
0.0137249
0.05047
0.000822418
-0.00379585
0.0300484
-0.0024154
0.0396985
-0.000285313
0.00630943
0.0132827
-0.0051142
0.0236957
0.0113835
0.480708
-0.634597
0.00861159
0.00503146
0.0127933
-0.0191358
-0.0255357
-0.0189835
0.0342443
0.00667841
1.11118
-0.00321702
0.0296839
-0.0352112
0.342428
0.00250406
0.0186352
0.00646794
0.0194555
-0.0215375
0.0235499
0.0140166
0.00184645
0.115213
0.075096
-0.00234335
-0.0128817
0.00070437
0.0232892
-0.0275563
-0.0145091
1.62986
0.160389
0.249258
-0.00110984
0.579854
0.0126966
0.538492
0.101442
0.270332
-0.00257576
-0.033188
-0.000462764
-0.0235814
0.00396538
-0.020704
0.0216102
0.976336
0.0208019
-0.447679
0.0379621
0.0198405
0.030377
0.000990545
0.778342
-0.00288413
-0.0346026
0.0320837
-0.0178828
-0.0201758
0.0235261
0.0129256
0.0234539
-0.0222001
0.0197773
0.68376
0.022022
0.00604684
-0.00890158
0.0301205
0.0394073
0.0316104
-0.0112994
-0.0452822
-0.0154005
0.0302898
-0.00160134
0.643678
-0.0208333
-0.0203268
-0.00515402
-0.0037355
-0.00482176
-0.00548277
0.0185008
0.0162524
-0.0236151
0.331624
0.0387451
-0.0302471
0.0294846
0.0281574
0.0309262
-0.00170933
-0.00702484
1.63855
0.00151966
0.000684035
0.00310439
-0.0122833
-0.00544508
0.0927024
0.0187614
0.0887977
0.00295099
0.0200263
0.000240142
0.0372171
0.00213203
-0.0210298
-0.031236
0.0112992
0.0176856
-0.0012471
-0.0419816
0.0317481
-0.03581
-0.0133853
0.045265
-0.0220884
-0.0270398
0.932891
1.23728
0.0296134
-0.0130065
0.1489
2.14408
1.64837
0.464749
-0.0218936
0.0226228
-0.00591928
1.01942
-0.0172751
-0.021533
0.747606
0.734849
-0.0378369
0.0428026
0.257391
0.0163516
0.00731824
0.00935442
0.0115311
-0.0132451
-0.0339552
-0.0172463
0.00993778
0.0112999
0.13504
0.0203486
0.0113895
-0.0194992
0.076834
2.39769
