5
1
1
150
2.4452
0.962829
-2.64499
-0.390819
-0.00347816
0.570677
-1.69977
-0.713081
1.31644
0.37189
0.18709
-0.743079
1.71218
0.905037
-1.16082
-0.0113159
0.155572
-0.597137
1.35432
0.849146
-2.2403
-0.567587
-0.0589572
0.778913
1.31953
0.672012
-2.2669
-0.575229
-0.0715366
0.803875
1.56123
0.282223
-1.22657
-1.03596
0.004711
0.36994
1.17816
0.520604
-2.68149
-0.410182
-0.0211982
0.515828
1.23131
0.516391
-2.46019
-0.453555
-0.035292
0.571909
-1.69878
-0.588147
1.09557
0.0289498
0.182192
-0.259834
0.900895
0.85524
-1.84006
-0.350474
-0.165414
0.624017
2.23678
0.467263
-1.87484
0.0864054
0.174025
1.44131
1.62978
0.400098
-1.29139
0.276176
-0.0539688
0.22702
1.29937
0.651708
-1.93817
-0.649095
-0.0664684
0.764792
1.39113
0.905858
-1.84008
-0.478812
-0.334496
0.296141
1.43958
0.84114
-2.02101
-0.485529
-0.0522418
0.706394
-1.05792
-0.572231
1.64332
0.0757409
0.280729
-0.325416
-3.77547
-1.42516
1.87059
0.889996
0.178489
1.08625
0.639851
0.429214
-0.942751
0.357584
0.00582854
-0.230524
1.44481
0.808374
-2.37725
-0.643829
-0.0564293
0.762174
2.50843
0.532734
-0.558867
-2.2841
0.043735
0.41183
1.40768
0.917832
-1.72623
-0.433436
-0.326788
0.294692
1.37308
0.655715
-0.624174
1.3565
-0.0172078
-0.501458
-0.535423
0.757573
-1.12962
-0.324493
-0.0244267
0.0553414
1.34779
0.767539
-2.01399
-0.57564
-0.0641176
0.758246
1.44523
0.840651
-2.39164
-0.71898
-0.0573652
0.776969
-3.25902
-0.810712
-0.154152
-0.835388
-0.0420457
0.601428
1.13859
0.943355
-2.80595
-0.338725
-0.029953
0.585202
0.833274
0.544272
-2.96949
-0.586015
-0.0400361
0.602194
0.131914
0.104046
-2.42208
0.206343
0.0605763
0.0352687
1.90338
0.521437
-1.62232
-0.731947
0.125962
0.306079
-1.07424
-0.635117
1.7151
-0.0200792
0.284158
-0.317415
2.35427
1.29499
-2.86893
-0.276764
-0.00734735
0.603065
1.26478
1.02358
-1.79888
-0.439614
-0.30629
0.2486
1.34914
0.778784
-2.12209
-0.681754
-0.0660279
0.782077
1.12808
0.892423
-1.81791
0.570119
0.156405
-0.00934907
1.22804
0.665998
-2.75704
-0.432303
-0.0284384
0.583955
1.13335
0.132113
-1.29225
0.791257
0.0300792
-0.440816
1.38712
0.840555
-2.18305
-0.61409
-0.0595081
0.762426
0.448844
0.0467983
0.165651
0.0928204
0.23001
-0.376152
0.294736
-0.00365306
0.387632
0.0852414
0.234275
-0.382762
2.35846
1.34862
-2.82258
-0.43366
-0.00428655
0.620208
1.39439
0.92522
-2.15699
-0.463598
-0.0659613
0.805203
1.36133
0.819387
-2.22222
-0.567507
-0.0626786
0.776666
-0.743463
-0.411205
1.57027
-0.179082
-0.0510278
0.0710313
0.679672
0.0547607
-0.109632
0.276148
0.155519
-0.414236
1.60136
0.927983
-2.08859
-0.393144
-0.0306431
0.596894
0.365612
0.49246
-1.10967
0.546833
0.0639559
-0.0259428
-0.0814158
0.102511
0.220054
0.216478
0.00433162
-0.0753612
2.35072
1.17187
-2.57161
-0.319515
-0.00712735
0.575435
1.46346
1.046
-2.2909
-0.610594
-0.0546727
0.771119
1.62042
0.517944
-0.450501
3.30129
0.102237
-0.569727
-1.15569
-0.17713
0.74023
0.282485
0.14221
-0.483089
1.35847
0.822702
-2.06653
-0.518164
-0.0636279
0.770907
1.44522
0.8177
-2.10905
-0.504187
-0.0501313
0.716496
1.35803
0.768374
-1.91184
-0.391934
-0.322365
0.283325
3.15521
1.28499
-0.261575
0.203494
-0.198328
-1.47862
-1.0997
0.307572
-1.47989
0.192513
0.0641713
0.00282755
1.48879
0.919287
-2.47147
-0.560551
-0.0539253
0.748984
1.56327
0.47354
-1.2022
0.434345
0.0440801
-0.61469
-1.82792
-0.596621
0.581741
2.70579
0.0870938
-0.52976
-0.0436593
-0.121075
0.335365
0.498316
0.0387178
-0.310681
1.23608
0.605
-2.73393
-0.252452
-0.0336259
0.576734
-1.69917
-0.57553
1.35883
0.722316
0.15819
-0.425494
-0.634979
0.970925
-0.342601
0.743619
2.43207e-06
-0.23088
1.4216
0.848063
-2.27961
-0.62641
-0.0571425
0.757629
1.25117
0.646367
-2.68378
-0.416947
-0.0333675
0.584062
-2.24756
-0.724836
1.44927
0.576978
0.193274
-0.797947
1.34738
0.705303
-1.99738
-0.535902
-0.064189
0.753212
1.3414
0.93913
-1.72503
-0.27215
-0.304781
0.269796
-1.81076
-0.221841
-0.470138
-0.517784
-0.0330783
0.290667
-0.20372
-0.132956
0.691082
0.346805
0.155019
-0.418502
-0.0666508
0.342345
-1.62227
0.163664
0.0546439
-0.021782
0.681951
0.178215
-3.02557
0.282179
-0.126953
0.736805
1.8633
0.963362
-1.40944
0.0776815
0.172749
-0.660136
2.21973
0.989978
-2.81286
-0.337328
-0.000192161
0.538692
1.42963
0.887311
-2.19034
-0.573075
-0.0562128
0.752427
-0.833978
-0.171735
-1.65343
-0.506935
-0.02092
0.0626498
-1.917
-0.783697
-0.891732
-0.125935
0.0557213
1.06787
1.91264
1.09176
-1.92705
0.211192
0.205105
0.0233657
3.59695
1.30014
-2.41953
0.0776425
0.141508
0.461948
1.33101
0.824255
-2.0949
-0.350889
-0.260973
0.159485
1.38265
0.102465
-1.18873
0.722805
0.0229543
-0.425356
-1.93851
-0.601789
0.560001
3.8508
0.087215
-0.679984
1.02609
0.255967
-0.585665
-0.111304
-0.0136097
0.215669
1.44214
0.811167
-2.28281
-0.495602
-0.0563741
0.748498
0.54999
0.442438
-0.60987
0.500221
0.00296329
-0.177184
-2.72183
-0.941796
1.30129
0.557256
0.20674
1.55783
1.33346
0.856844
-1.86937
-0.280461
-0.310184
0.270801
-1.53377
-0.668607
1.38104
0.090178
0.248037
-0.377719
1.04452
0.744043
-0.484571
0.188046
-0.00407963
-0.228394
2.07714
1.04146
-1.78344
0.329303
0.204421
0.0261037
1.44515
0.804612
-2.24703
-0.608776
-0.0599161
0.764871
1.38899
0.860616
-2.3404
-0.550432
-0.0665211
0.821597
1.30708
0.497789
-0.713296
-1.30964
0.0811337
0.0842266
1.01489
0.258922
-1.88145
0.923806
0.172909
1.16915
0.137034
0.0565605
0.307543
0.254731
0.204205
-0.321768
2.04944
0.63246
-1.36822
0.03664
0.16971
-0.642715
1.39236
0.808184
-2.27397
-0.648522
-0.0539855
0.740791
0.374971
-0.0152797
0.328998
0.100789
0.235636
-0.383269
1.36353
0.699193
-2.10512
-0.538192
-0.063382
0.750856
1.90631
0.982795
-1.21569
0.00984978
0.158948
-0.580398
2.52577
0.885291
-2.42705
0.404334
-0.104473
0.319519
1.38085
0.860793
-2.08031
-0.648852
-0.0592458
0.759161
1.42223
0.800975
-1.96838
-0.459568
-0.0516795
0.711219
0.910504
0.56288
-1.83963
-0.468023
-0.167344
0.663265
2.31532
1.26051
-2.7866
-0.405371
-0.00400827
0.602868
-1.4575
-0.203325
0.901414
0.188515
-0.000169905
-0.241119
1.46201
0.86828
-2.27813
-0.598286
-0.0546222
0.746829
0.993389
0.709303
-1.67857
-0.537331
-0.189955
0.630746
-1.75334
-0.548783
1.1988
0.665329
0.203642
-0.349332
-2.38072
-0.839211
1.41818
0.224041
0.21679
-0.275531
4.13151
1.50491
-2.01265
-0.511455
0.183046
1.07114
-1.61551
-0.596579
1.29598
0.00917426
0.241204
-0.371306
1.19896
0.516683
-2.92045
-0.299743
-0.031824
0.589275
1.86026
0.741623
-1.08666
-0.0524929
0.154393
-0.584552
0.470928
0.365837
-0.578485
0.199983
0.00337683
-0.171275
0.237286
0.350958
-0.361206
0.467653
0.00303562
-0.12773
1.37928
0.775228
-2.13409
-0.500282
-0.0569307
0.750953
1.80666
1.21587
-3.18139
-0.235652
-0.0171769
0.618995
0.419356
0.391974
-2.08952
-0.264755
0.0525572
-0.0902022
1.37894
0.888331
-2.15155
-0.468005
-0.0668583
0.801199
1.15384
0.949209
-2.69681
-0.347279
-0.02857
0.575526
1.73408
0.59297
-0.847456
-1.18821
-0.044964
0.121187
2.30232
1.21375
-2.73517
-0.332875
-0.00372956
0.588613
1.25422
0.686372
-2.69146
-0.349128
-0.0333423
0.578123
1.34187
0.693824
-2.14861
-0.556089
-0.0637562
0.762467
1.61231
0.328698
-0.668586
0.465318
0.0100177
-0.29401
1.27525
0.634046
-1.92733
-0.703507
-0.071635
0.781879
3.47101
1.32424
-2.46974
-0.0632284
-0.101163
-0.0437157
1.36687
0.842432
-0.54179
0.457575
0.000444055
-0.222399
1.45769
0.942432
-2.21735
-0.592853
-0.056113
0.763177
2.30442
1.27997
-2.80742
-0.534951
-0.00998447
0.648738
1.48901
0.843291
-2.28473
-0.499731
-0.0461286
0.712422
1.23983
0.53327
-2.77988
-0.516296
-0.0344805
0.587007
0.827047
0.700236
-1.17022
0.451282
0.00377281
-0.261212
0.251782
0.524978
-0.786698
0.723204
0.00314407
-0.293247
2.01458
0.706322
-1.49545
0.0931258
0.177927
-0.670435
1.4449
0.871555
-2.29868
-0.619844
-0.051147
0.726527
1.43114
0.832774
-2.41714
-0.508568
-0.0623234
0.793861
-0.94611
-0.242704
0.802701
0.306521
0.134456
-0.445324
1.3902
0.703851
-1.95132
-0.53544
-0.0577906
0.720707
0.548081
-0.239746
-0.353383
-0.106597
0.0226183
-0.0467729
1.32734
0.694449
-2.15947
-0.567363
-0.0650252
0.772816
3.38986
1.17153
-2.36581
-0.158954
-0.0955003
-0.00804876
1.41897
0.778745
-2.08067
-0.556658
-0.0542273
0.719379
-1.82538
-0.464348
1.15804
0.573407
0.006985
-0.392523
1.21029
0.458394
-2.88233
-0.296367
-0.0377108
0.585297
1.00607
0.249832
-0.630823
0.225189
0.0276454
-0.118316
1.24784
0.908217
-1.00773
1.12679
-0.00498298
-0.433198
1.071
0.752878
0.000739112
-0.00476917
-0.00275371
-0.185867
0.391615
-1.03934
0.57917
0.399008
0.331182
0.0828935
0.353677
0.430397
-0.359858
0.290761
-2.47225
0.0847735
0.355865
0.287743
0.430766
-0.468625
2.61473
0.204649
0.350391
0.599778
0.35037
0.629572
-0.0552749
0.38066
0.326989
1.12327
0.914741
0.833427
-0.260415
0.107653
-0.478521
0.513001
0.238236
0.315279
0.245662
0.395208
0.368539
0.364912
-0.269638
-0.29738
0.510838
0.294288
0.367741
-0.347368
-0.175578
0.19364
0.0592552
0.0133898
0.460119
0.347224
0.471152
-0.471101
0.350988
0.401422
0.294135
3.04503
0.0865261
0.380739
0.452214
-0.430836
-0.00358614
0.405234
-0.32972
-0.0481884
0.362133
0.435265
-1.37454
0.373053
0.324718
0.403286
-0.174802
-0.0151431
0.319759
0.870716
0.460974
0.357046
0.104382
1.3047
0.495129
-1.18194
0.183681
0.344112
-0.388215
0.0231309
0.360233
0.096498
2.60277
0.300872
-0.402115
0.245434
0.405595
0.314258
0.295226
0.205085
-1.53784
-0.261471
0.819892
0.284969
-0.296921
0.378422
0.718727
0.351626
0.357755
0.429522
0.378508
0.504325
-0.137896
0.355616
0.292579
-0.327662
-0.628261
-2.50173
-0.357382
0.477418
0.566919
0.0465155
0.0278382
0.39541
0.99742
0.225038
0.303039
0.875557
-0.160034
0.51152
0.398258
0.422432
0.396761
0.366149
0.573565
0.533315
0.332594
0.49451
0.327816
0.543232
0.23748
-0.0128793
0.907296
0.426467
0.310029
-0.277261
0.403435
-0.0254049
0.428246
0.535234
0.407267
-0.57472
0.435301
-0.00586566
0.375891
0.221548
0.447489
