5
1
1
150
0.0373406
-0.031444
0.641437
0.134072
0.0421156
0.763115
0.0335731
0.0618713
-0.270929
0.453928
0.00213628
-0.0729992
0.0317414
0.0199662
0.590473
0.940794
-0.0226619
0.466575
0.0180336
0.108026
0.285442
-0.0672727
0.057879
0.667619
-0.023075
-0.10628
0.321277
-0.0308756
0.0561049
0.679866
0.00666597
0.024582
0.611573
1.1258
-0.0443447
-0.0419089
0.00334942
-0.115889
0.479384
-0.0740674
0.0718142
0.816959
0.00905347
-0.121115
0.315943
0.06378
0.0617152
0.705239
0.00731511
0.0530848
0.428324
1.23269
0.00466901
-0.131831
0.00106138
0.143463
0.466629
0.0820264
0.0581593
0.67979
0.0832719
0.214905
0.378445
0.617396
0.00536983
-0.116642
0.0510649
0.0724417
0.214493
0.763274
0.000254113
-0.115536
0.0100035
-0.0934655
0.58277
-0.153421
0.0538394
0.671179
0.00658569
0.0232203
0.462467
-0.245187
-0.0507773
0.484759
0.0521544
-0.0215446
0.294107
0.251833
0.0443662
0.612635
0.0400236
0.265244
0.378025
0.400093
0.0026173
-0.0847211
0.0525127
0.0754984
0.262453
0.72739
0.103633
0.134742
0.0418296
0.102036
0.365294
0.821732
0.000648005
-0.0937767
-0.0567013
-0.0832798
0.185033
0.00846206
0.0369252
0.638038
-0.033009
-0.0394173
0.182805
0.733036
0.00140548
-0.075499
0.0351572
0.0528104
0.524288
-0.17808
-0.0449437
0.517718
0.0215264
0.266058
0.147852
0.934653
-0.00197953
-0.108503
0.0325303
0.141502
0.292955
0.846215
0.0541408
0.0315699
0.023575
0.0120486
0.516246
-0.0817309
0.0561019
0.668038
-0.0140958
-0.0614152
0.125377
-0.0637049
0.110507
0.360294
0.00649501
0.0425801
0.310485
0.889569
0.0116912
-0.147585
0.0838368
0.0974357
0.172277
-0.0742179
0.0701289
0.798546
0.000555749
-0.0263636
0.295968
0.693334
-0.00118465
-0.0900477
0.0304172
0.116229
0.231892
0.720636
0.0976453
0.11915
0.199574
0.437633
0.687245
0.181276
0.0518474
0.245228
0.00992296
0.244325
0.305391
0.181958
0.00141465
-0.0824179
0.0229433
0.158767
0.66215
0.304699
0.0038041
0.878338
-0.0547107
0.114227
0.548861
-0.160769
0.0538722
0.697862
-0.0341218
-0.00392899
0.517505
-0.173282
0.0527625
0.68345
0.0069346
0.0631211
0.135612
0.875196
-0.00499061
-0.119195
-0.0556357
0.000184588
0.216636
-0.0495419
0.0682441
0.770299
0.0848954
0.154783
0.11865
0.93925
0.00218605
-0.0791928
-0.00891448
0.0167335
0.41764
-0.0922095
0.0596918
0.680227
0.0158755
0.0739281
0.292594
1.40389
0.00656482
-0.148749
0.058546
0.274828
-0.0217801
-0.110012
0.114973
-0.0286991
-0.00305517
0.193595
0.279384
0.0280865
0.0733465
0.836397
-0.0496594
0.108884
0.522866
0.0842296
0.0565543
0.692308
-0.00471695
0.0532974
0.355688
-0.0617426
0.0571332
0.67317
0.0173276
0.000610017
0.264167
0.889806
0.0011645
-0.111552
0.0362643
0.135541
0.34728
0.756
0.0100293
-0.154411
0.0788492
0.250463
0.365104
0.313554
0.0931047
0.323917
0.0675657
0.185363
0.154276
0.801163
0.102124
0.129032
-0.0765991
0.186199
0.140431
0.193632
-0.000864746
-0.0523694
0.0013972
0.0680118
0.758218
0.168946
0.052104
0.88919
-0.011284
0.136381
0.14637
0.0354085
0.116102
0.36738
0.0395063
0.143965
0.311766
1.21062
-0.076148
0.0479608
-0.0498746
0.0195877
0.460003
0.666221
0.00535402
0.313882
-0.000582046
0.0543652
0.511645
-0.00571677
0.0561475
0.674759
-0.0147562
-0.118532
0.216764
0.19169
0.0196041
0.70445
-0.0117356
-0.159387
0.384523
-0.0868953
0.0444978
0.676865
0.00659708
0.0815843
0.0749622
1.30133
-0.00268195
0.31953
0.0552377
0.0821669
0.181712
0.754158
0.0442869
0.0490594
-0.0503682
0.0118679
0.017117
-0.00735359
0.0639754
0.726921
0.0280675
0.011392
0.110401
1.47302
0.00655078
0.275639
0.0515179
0.307408
0.188358
-0.291726
0.152922
0.000860149
-0.00629897
0.023262
0.170443
1.53902
0.00500291
0.229544
-0.0379903
-0.0659339
0.172575
0.161801
0.0617299
0.770252
0.0156893
0.0257738
0.29066
1.01282
0.00133528
-0.0953316
-0.00842717
0.163318
0.414484
0.86442
0.0027284
-0.10815
-3.34911e-05
-0.048785
0.0897033
0.00683234
0.117349
0.363994
-0.0853031
0.00849872
0.162526
0.0959689
0.0577314
0.709565
-0.0230078
-0.00921686
0.141537
0.205694
0.00365437
-0.0467979
0.0200655
-0.0629291
0.549607
-0.0347923
0.0553262
0.667284
0.0185521
0.0549719
0.500449
0.0406881
0.0554712
0.682181
0.0174756
-0.143505
0.215188
1.24611
0.01462
0.355986
0.00532288
0.0979007
0.0155205
-0.333
0.167419
0.0298955
0.0345839
0.0771922
0.188978
0.847488
0.0709013
0.0629232
-0.0448574
0.0992494
0.429289
-0.0817348
0.055686
0.691141
0.00581226
0.213007
0.0934944
1.44136
0.0181787
0.358789
0.00757455
-0.0530184
0.503574
0.311577
0.0508848
0.863153
0.00327519
-0.0161356
0.169686
0.0683649
0.118686
0.365864
0.0668659
-0.0775593
0.482744
1.49594
-0.00254016
0.703277
0.0833206
0.0508616
0.211489
0.830784
0.079117
0.0861619
0.0205978
0.0696911
0.298996
0.729675
0.00357209
-0.0922646
-0.0312939
0.11331
0.413016
0.840693
0.00998738
-0.147044
0.132352
0.254707
0.507207
-0.0274905
0.0658013
0.342926
0.0192113
-0.0778102
0.645545
0.944673
-0.0555905
0.613895
-0.0131926
0.200387
-0.274641
-0.00389338
-0.115188
-0.403881
0.0513581
0.0515669
0.35574
0.846911
0.00262036
-0.108508
-0.0038686
-0.0774741
0.103983
0.213867
0.115942
0.363775
0.00334412
0.191039
-0.110737
0.534253
-0.0667284
0.313886
0.052866
0.0925194
0.27919
0.179303
0.00498999
-0.100213
-0.00625688
-0.0374975
0.392087
0.0322734
0.0530054
0.681446
0.0194364
0.0769376
-0.0170298
1.1719
-0.0191161
-0.03705
-0.0201277
-0.0483364
-0.0292879
0.356068
-0.125406
0.629964
-0.0124628
-0.088034
0.515737
0.0111536
0.0645429
0.944674
-0.0688364
-0.080005
0.257663
-0.00487341
0.0632268
0.717642
-0.0665014
0.0204022
0.353909
0.0358492
0.0606179
0.696497
0.048803
0.159943
0.321862
0.632649
0.0784188
0.0807067
-0.0130099
0.177812
0.209005
0.810154
-0.00294493
-0.122442
-0.000734334
0.181264
0.596844
1.07423
0.0120552
0.371266
0.00275765
-0.0438086
0.124841
1.43237
0.00945189
0.303866
0.200005
0.154019
0.349072
0.208951
-0.0249032
-0.0305336
0.0567742
0.212475
-0.0968036
-0.0145938
0.0976272
-0.0772208
0.00994822
-0.098295
0.45043
-0.0305685
0.0550957
0.672816
-0.00902666
0.162745
0.274059
0.976475
0.0067497
-0.135155
-0.0165221
-0.0388651
0.618766
0.341812
-0.0427039
0.875775
-0.00552966
0.0369395
0.516508
-0.133178
0.0561426
0.68542
-0.0158723
-0.0399442
0.306807
0.225411
0.0530517
0.663606
0.0647515
-0.0272759
0.456993
-0.148426
0.055465
0.671008
0.0165647
0.0881346
0.570152
0.0799102
0.0559346
0.88809
-0.034017
0.0583323
-0.0921061
0.149451
-0.155332
-0.282443
-0.0512372
-0.00425701
0.164948
0.0509275
0.0563024
0.719384
0.0083802
0.0786337
0.439645
0.0349546
0.0581717
0.681527
0.00568886
0.0428712
0.00821851
0.735838
0.00573928
-0.0822745
0.00280243
0.0744976
-0.14057
0.0934261
-0.149193
-0.385042
0.0521468
0.0410364
0.504188
1.26625
-0.00377348
-0.150445
0.00494694
-0.0677139
0.111693
0.382814
-0.100885
0.474723
-0.0216983
-0.15056
-0.0389432
0.108341
0.0644967
0.774233
0.0540446
0.0460425
0.0581221
0.915919
0.00317123
-0.0937679
-0.0314647
-0.00584668
-0.02505
1.16298
-0.00484337
0.293469
-0.0191885
0.114691
0.420433
1.00702
0.00679729
0.249056
0.0270244
-0.0679712
0.100305
0.12178
0.11676
0.344216
-0.0317727
0.133551
0.0415336
0.258206
0.0566946
0.701912
0.00929269
0.0486567
0.538468
0.354775
0.0750751
0.91144
-0.0708961
0.0602568
0.355198
0.182317
0.0480111
0.704031
0.0833354
0.0962059
0.292474
-0.0863448
0.070831
0.792185
0.0406132
0.18896
0.291722
0.783116
0.0111108
-0.158212
-0.00445996
0.0330895
0.695892
0.128381
0.0568645
0.914344
-0.0688947
0.055391
0.189696
0.0798333
0.0591291
0.754316
0.0487807
-0.0389588
0.334988
-0.0626721
0.0580757
0.662019
-0.0262876
0.0863704
0.296355
1.2006
0.0011102
-0.117188
0.0304139
-0.107644
0.555019
-0.192985
0.0528905
0.671926
-0.0129526
0.00216246
0.561321
0.253526
0.0416141
0.774095
-0.00294334
0.0204246
-0.0355197
0.854287
-0.0573286
0.109936
-0.0113098
0.0180701
0.237445
0.0592899
0.116508
0.372635
-0.0423436
0.0924325
0.194826
-0.0646729
0.0584529
0.795062
-0.0803493
-0.030474
0.243718
0.211697
0.0580613
0.693037
0.0390095
-0.104223
-0.0511207
-0.0978515
0.0641405
0.728611
0.0208383
0.0749334
-0.0876749
0.291298
-0.0491036
0.258926
0.0494659
0.0253351
0.294282
0.887055
0.0023301
-0.109757
0.0403306
-0.0140304
0.129597
1.39865
-0.00769451
-0.176727
0.00525531
0.0138373
0.0369253
-0.0943412
0.0607865
0.709275
-0.0624106
-0.00523824
0.352986
0.0404362
0.0563875
0.682432
0.000608134
0.0834392
0.171029
0.873857
-0.000680028
-0.0964544
0.0416424
-0.128182
0.283498
0.158209
0.120454
0.339973
0.0328817
0.118651
0.275043
0.773832
0.0816682
0.0930838
0.0547508
-0.0228524
0.303207
-0.0612076
0.0570065
0.661828
0.000574167
-0.0393284
0.461076
0.270841
0.0452418
0.800769
-0.0456662
-0.0826438
0.240394
0.0616659
0.0562329
0.685039
0.00321294
0.216777
-0.190702
0.00637736
-0.149926
-0.265614
-0.033997
-0.202414
-0.00644943
0.132795
0.0625593
0.746219
0.0731646
0.167065
0.288635
0.500302
0.0710759
0.077836
0.0450494
0.125577
0.273497
1.17877
0.00734863
0.304773
0.00784148
0.180635
-0.122634
0.89739
0.00179698
-0.0904886
0.452783
0.0215718
0.170504
0.310286
0.245367
0.037208
0.473639
0.391616
-0.00268735
0.283686
-0.0105338
-0.00231616
0.307875
0.0793769
0.316486
-0.0125963
0.0820214
0.0035335
0.168379
-0.00320866
0.155196
0.025655
0.0145853
0.324834
0.042862
0.0238512
0.61294
-0.00670403
0.0467276
-0.0135837
-0.0095459
0.539622
0.185671
0.248164
0.00657935
0.356868
0.00717615
0.296936
0.218154
-0.0755755
0.581667
0.22762
0.285806
-0.00832161
0.0199064
0.0245212
0.105891
-0.0113635
0.663763
0.0600278
0.107542
0.0863077
0.290549
0.317145
0.199985
0.225319
0.00789584
0.318473
0.055643
-0.118655
0.23878
0.383138
0.00807687
0.0243661
0.0832941
0.340558
-0.0458808
0.321376
0.269762
0.124716
-0.134375
0.0401245
0.219098
0.139272
0.612483
0.0846431
0.594835
0.0279781
0.0126966
-0.0115731
-0.0304015
0.268208
-0.150858
0.00973495
0.0772401
0.107752
0.00720522
0.229058
0.00996087
0.281952
0.777853
0.248178
0.21334
0.0321109
0.0197487
0.154644
0.119614
-0.0011665
-0.065971
0.319123
-0.00352877
0.430495
0.305537
0.366737
0.344872
0.615666
-0.156492
0.279123
0.276292
0.0317718
-0.181792
-0.0195582
0.237745
0.427738
0.0108276
0.131414
0.0302608
0.126697
0.368301
0.977177
0.211394
0.603576
-0.0267541
0.704507
0.348963
0.346265
0.0209357
0.313328
0.500275
0.0663497
0.0592519
0.423255
0.257733
0.458785
0.0507669
0.0149233
0.00873487
0.377694
0.213323
0.0073325
0.147955
0.0271125
0.346678
0.507426
0.34679
-0.147139
0.366486
0.096867
0.0591609
0.0147505
0.62468
