4
1
1
100
0.39336658
0.07898262
-0.34354898
-0.024476426
0.5739441
-0.013074041
0.14382908
-0.056614894
-0.32264763
0.48465636
-0.29346737
-0.40370727
-1.9195913
0.4056339
0.32398596
-0.6205497
-0.4614212
-0.5082242
-0.44501483
0.25298592
0.07869025
0.03925679
-0.2644167
-0.20573995
0.6101834
0.3363504
-0.41187835
0.28828457
0.1584182
-0.27656102
-0.09339347
-0.07506436
0.0200812
0.5950395
0.09040892
0.11717485
0.057902828
-0.2725476
-0.16424458
0.62167525
-0.5415164
0.26345572
0.44403425
0.6950914
0.27070314
0.27606353
-0.08092611
-0.1751289
-0.08795253
0.46730396
-1.142962
-0.83313376
-0.7659127
-1.0623953
0.06732163
0.1530095
-0.14750978
-0.27847776
-0.26104695
0.47707918
-0.50981444
0.030160073
0.17532189
0.07152161
0.063310415
0.2351281
0.16947678
-0.21603408
-0.099558756
0.5688898
-0.3437817
0.5228289
-0.2119103
0.20495833
-0.07537431
0.09834753
0.024112144
-0.43730992
-0.14809956
0.5526734
0.11488067
0.08573542
-0.09430503
-0.31022453
0.5384102
0.07324998
0.3633857
-0.4742592
-0.09874886
0.5579239
0.3190433
0.12772223
-0.54510564
-0.024096146
0.62969357
0.2747898
0.024298389
-0.74494207
0.059096158
0.54639125
0.20848088
-0.057340536
-0.20594852
-0.19508287
0.5480653
0.040879045
-0.08618785
-0.4988215
-0.19656056
0.584664
-0.028057957
0.33140132
-0.4699917
-0.05796062
0.5764463
-0.3250019
-0.26111695
0.1482641
-0.6593782
-0.3957145
0.42369875
0.2500843
-0.3181283
-0.14292867
0.3986089
-0.86789954
-0.1719309
0.7861091
0.056178756
0.037444774
-0.5699996
-0.39402163
-0.13548343
-0.40935192
-0.002937396
0.11432782
0.024194147
-0.19166562
-0.15768868
0.54733485
-0.37652418
0.051867437
-0.24558394
-0.4509916
-0.4005315
0.06481493
-0.11209014
-0.33347538
-0.37159106
0.5007488
0.3933586
0.21116109
-0.18884648
-0.16609341
0.38989884
0.3441194
-0.014349951
0.3071593
-0.89199746
0.24890031
-0.09083359
0.106380776
-0.9392958
-0.16382678
0.69316673
-0.765416
-0.601197
0.012277196
0.22484308
-0.19731121
0.09876979
0.27382994
-0.459571
-0.061397627
0.47192162
0.41526493
0.16484027
-0.37016857
-0.049650848
0.36522278
-0.43044367
0.22256888
0.008664778
0.2051644
-0.097943485
-0.61235136
0.66142297
-0.11656346
-0.14476286
0.17071186
0.070723586
0.28485858
-0.45457834
-0.06052221
0.4269605
0.20452505
0.16109794
-0.39806354
-0.044111446
0.3994652
0.51006544
0.09564001
-0.057296388
-0.16645683
0.39742833
0.14884196
-0.015074124
-0.318425
-0.09293329
0.5180484
0.27668625
0.09985937
-0.67897797
0.026391845
0.57654786
0.38946226
0.117463976
-0.20366684
-0.100229844
0.5089168
0.335998
0.10208651
-0.48042494
-0.008740166
0.6049936
0.16851778
0.008337234
-0.29362056
-0.14999345
0.5742962
-0.103258945
0.13163932
-0.73408496
0.26202998
0.5532546
0.2659338
0.040667664
-0.27683815
-0.02743558
0.5659886
0.30458805
-0.082078844
-0.09799572
-0.1461271
0.46383765
-0.40427822
0.21513882
-0.09187951
0.17607479
-0.10479408
0.14628217
0.02575051
-0.320423
-0.15627961
0.60916454
0.046558056
0.03005803
0.13652687
0.014639897
0.09011805
-0.11823674
0.06055415
-0.2998665
-0.22314633
0.46194294
0.43716517
0.6109937
-0.5192008
-0.30330783
0.2141606
-0.9963179
-0.13574372
0.62271494
0.08244058
0.049137816
0.10618828
-0.14404508
-0.2765338
-0.28303546
0.48212698
-0.24309528
-0.03687766
0.2431125
-0.023517586
-0.12640992
0.14569344
-0.21590692
-0.024375837
0.24663953
0.028273473
0.1313704
-0.10988156
-0.24733675
-0.22764851
0.48870876
-0.21339644
-0.67596066
-0.0139954705
0.04790278
-0.057466432
-0.10091933
0.047151227
-0.152245
0.051247362
0.3888832
-0.5419192
0.14928071
-0.2559028
0.17533539
0.20321393
0.14841431
-0.0057888804
-0.24048586
-0.18653238
0.5809038
0.25481394
-0.04059389
-0.248557
-0.06946796
0.5042279
0.22212176
0.21367659
-0.21205689
-0.12017548
0.61310095
0.22889988
0.1747085
-0.21826805
-0.10021754
0.5750949
0.40560126
0.12002972
-0.20431906
-0.09953629
0.52635324
-0.6312138
0.2781627
0.408744
-0.6556325
-0.012942326
-0.45945495
0.19669762
-0.10693193
0.034980237
-0.5414708
-0.013192882
-0.26135135
-0.45987818
0.2743414
0.51532114
-0.27059573
-0.33225533
0.66148967
-0.15804292
0.0019234621
0.24698183
-0.16612162
-0.21950391
-0.17895794
0.4684453
0.22552621
0.014070381
-0.2567179
-0.0776662
0.54685616
-0.2065933
0.19990166
-0.4432084
0.6132252
0.24554177
0.25863016
0.038030706
-0.23890322
-0.03256675
0.54488206
-0.7125505
-0.7214599
-0.45421094
-0.3473998
0.29539764
0.09441382
-0.083115436
-0.55483913
-0.16537906
0.61967105
-0.7920557
-0.31063625
-0.2308402
0.23961622
-0.1773195
0.16245988
-0.028433442
-0.37236628
-0.09343385
0.5482537
0.05660084
-0.18989122
-0.36882657
-0.3196154
0.51235676
-0.18340512
-0.06714375
0.2288685
-0.019843193
-0.11886789
-0.06515707
0.41616228
-0.5705956
-0.06366758
0.3835087
0.24432226
-0.65340275
0.037674237
-0.46688277
0.122873545
0.37771598
0.6161067
-0.66364187
-0.24519722
0.2069139
-0.60081726
0.5677884
-1.1608398
-0.06459974
0.46165857
0.39646173
0.20807004
-0.22884332
-0.14182334
0.45793518
0.18114997
-0.05343596
-0.2090149
-0.19984268
0.52831906
0.15750596
-0.095953636
-0.17368445
-0.22420444
0.46719983
0.22436836
0.07455005
-0.41489732
-0.00452957
0.42799735
0.044095058
0.14551447
-0.81922746
-0.04231289
0.6531059
0.3618985
0.124497734
-0.3152736
-0.044513125
0.5991434
0.21072659
-0.04467662
-0.13241999
-0.16545415
0.48050997
0.06589409
0.008568799
-0.2556585
-0.2001292
0.563426
0.2592602
0.41931692
-0.5573564
-0.13639598
0.22652544
0.32082206
-0.1017348
0.14666405
-0.10405722
0.31310377
-0.05429937
0.29399848
0.37889826
0.3495461
-0.048806883
-0.74929404
-0.26515502
-0.5817061
-0.6514159
0.25638416
0.048680883
0.2549402
-0.40110695
-0.053343505
0.49235347
-0.22147368
0.09810148
-0.14393629
0.049789395
0.15365502
0.114223436
-0.07607943
-0.47454837
-0.1384662
0.5769533
0.55682606
0.17406175
0.41669986
0.17574827
0.36007646
-0.08325012
0.124482945
0.2860379
0.29984257
0.47639793
0.40233436
0.40835193
0.46508592
0.46344474
-0.19814606
0.23023543
0.31596372
0.19544521
0.544488
0.59725267
0.41852656
0.30003837
0.38070184
-0.9016011
0.53939074
0.42576525
0.3276499
0.30346635
-1.0175574
0.3413279
0.47112477
-0.8232307
0.46129808
-0.99809146
0.2872033
0.63429487
-0.113175005
-0.617663
0.296744
0.3368125
0.32589176
0.3414352
0.4943984
0.5456334
0.5729262
0.3622973
0.17710054
0.46554968
0.48483866
-0.11541875
0.367735
0.04923944
0.27098247
0.52950186
0.7024403
0.3520371
-0.318048
0.049822435
0.36942393
0.23134942
0.12778558
-0.2814883
0.36523873
0.35566598
0.38742992
0.42588302
0.6127872
0.48748097
0.88955116
0.29767227
0.49298927
0.50486773
0.3175567
-0.336359
0.5193678
0.23750503
0.4015241
-0.97116226
0.3895626
0.37152794
-0.30571115
0.40650418
-0.80069506
0.37868845
0.42340904
0.5088797
0.36984858
0.40652007
0.4866723
0.4340199
0.5983293
0.41554007
0.29728383
0.4065602
0.48930463
-0.17309722
0.18475522
0.33598685
0.3516675
0.320286
0.43249482
