5
1
1
150
0.582496
0.293455
0.0703687
0.368233
0.0579474
0.263888
-0.344243
-0.12853
0.0317636
0.62015
0.00463174
-0.155882
0.477658
0.103652
1.04724
0.871006
-0.0144727
-0.179746
0.824013
0.446621
-0.869754
-0.155578
-0.0267079
0.844272
0.788455
0.252415
-0.846468
-0.133764
-0.0289634
0.863446
0.223822
0.154911
0.359827
0.851011
0.00390981
-0.154841
-0.0930306
-0.226208
0.00529433
-0.162137
0.0467318
0.84213
-1.49973
-0.422396
0.830676
0.363856
0.104698
0.796209
-0.510405
-0.114781
0.132642
1.55918
0.0124635
-0.245696
0.722861
0.448662
-0.610648
-0.0417382
-0.0571494
0.845753
0.526081
0.140839
-0.119587
1.63513
0.0205875
-0.256613
-0.0394218
-0.00784085
1.38648
0.0196947
-0.0394891
0.245894
0.820289
0.249705
-0.573088
-0.235697
-0.0319539
0.840161
0.545574
0.285937
-0.358375
-0.0225665
-0.238354
0.39574
0.879821
0.409542
-0.612403
-0.0772887
-0.0289465
0.820295
-1.21152
-0.187413
0.562893
0.0396089
0.10448
-0.386315
0.327362
0.226363
0.0492078
0.196696
0.0885566
0.129401
-0.446945
-0.0912229
0.0975889
1.03864
0.00143489
-0.177873
0.857816
0.363372
-0.932357
-0.228154
-0.0291686
0.875716
0.646489
0.0798007
-0.123028
1.29799
0.00331262
0.0834985
0.573223
0.308971
-0.281519
0.0319185
-0.235829
0.387743
0.899596
0.031022
-0.95827
1.39888
0.00263106
-0.271818
0.579413
0.0843528
-0.357941
1.13944
0.00320276
-0.180418
0.83102
0.354072
-0.639413
-0.160562
-0.0303956
0.83712
0.854982
0.397945
-0.944088
-0.305909
-0.0283392
0.886385
0.562347
0.0433272
-0.0673195
1.54497
-0.00124065
-0.152426
0.172491
0.102192
-0.229117
-0.150565
0.0398195
0.782081
-1.75516
-0.604317
0.476674
0.016727
0.122964
0.953286
0.278076
0.171076
-0.059168
0.533158
-0.000376251
-0.068982
0.391762
0.302833
0.117854
0.514321
0.0115718
0.257468
-0.568812
-0.102961
0.446311
0.0714669
0.17687
-0.219722
0.638439
0.472417
-0.540831
0.224672
0.0308822
0.633621
0.702593
0.427649
-0.62202
-0.294423
-0.0606041
0.886722
0.813577
0.354885
-0.716692
-0.255674
-0.0288308
0.866773
-0.310075
-0.230035
0.422969
0.530657
0.0269481
0.645093
0.0434299
-0.00398379
-0.168308
-0.168587
0.0479373
0.811634
-0.415827
-0.0975263
0.10534
1.59766
0.00998655
-0.11683
0.832397
0.414649
-0.781507
-0.204233
-0.0282776
0.85243
0.0530538
0.281181
0.47461
0.440539
0.0035445
-0.107493
-0.153271
0.0369655
0.231468
0.375292
0.090616
-0.242366
0.775949
0.529839
-0.67224
-0.0235695
0.00304596
0.723898
0.814057
0.494815
-0.743261
-0.0101354
-0.0242045
0.883375
0.818544
0.402463
-0.830756
-0.148306
-0.027175
0.852335
-0.0538762
-0.00151431
0.44876
0.747919
0.0152891
0.59096
0.188239
0.137372
0.222819
0.422451
0.00360121
-0.091906
0.717299
0.480201
-0.638915
0.0807004
0.00956013
0.731061
0.336351
0.330525
0.00667258
0.254234
0.101678
0.146816
-0.512363
0.000719665
0.339267
0.240012
-0.00542106
-0.146711
0.544204
0.361773
-0.128214
0.260104
0.0452706
0.58901
0.852356
0.606658
-0.854001
-0.199166
-0.0253671
0.877737
-0.880165
-0.261874
-0.0476075
0.433011
0.0773974
0.271863
-0.217325
0.0389891
0.222345
0.359166
0.0857979
-0.241647
0.817621
0.402062
-0.672405
-0.0893568
-0.0275117
0.85027
0.871503
0.378589
-0.670756
-0.100004
-0.0295549
0.833309
0.159875
-0.0534147
-0.431304
-0.137421
-0.13729
0.746352
0.0704533
0.205911
0.250795
0.195261
0.00567241
-0.0860843
0.185473
0.149954
0.18128
0.441682
0.0021263
-0.0898089
0.866243
0.464964
-0.996753
-0.150908
-0.027648
0.870689
0.977256
0.176583
-0.562593
1.83242
0.032997
0.410184
-0.03639
0.265188
0.277193
0.244961
-0.0002111
-0.0671133
-0.335372
-0.0606327
0.0969018
0.944043
0.041907
-0.184562
0.0572464
-0.0637233
-0.169677
0.05143
0.0475874
0.803074
-0.169566
0.0260483
0.198716
0.717749
0.000180835
-0.0985328
-0.00142302
0.333401
-0.200599
1.12308
-0.00390558
-0.149292
0.845277
0.410986
-0.851674
-0.216153
-0.0282853
0.861608
-1.35386
-0.315347
0.507372
0.0478332
0.110169
0.843978
-0.503467
-0.343339
0.140411
0.265835
0.128527
-0.180977
0.831492
0.287128
-0.618068
-0.117209
-0.0305194
0.837279
0.161554
0.09636
-0.245607
0.0277086
-0.129613
0.735595
-0.649642
-0.132553
0.129646
1.30892
0.073889
0.128735
-0.233013
-0.040325
0.307739
0.203154
0.139784
-0.220807
0.156827
0.188
0.16032
0.493976
0.00317041
-0.0840955
0.725982
0.44639
-0.731945
-0.205521
-0.0558133
0.866594
0.623937
0.0504296
-0.0340482
1.53005
-0.00167851
-0.163839
0.308567
0.242688
0.124735
0.802304
0.0115146
0.2293
0.846383
0.447943
-0.763508
-0.158523
-0.0271131
0.859975
-0.39202
-0.0677835
0.181906
0.823905
-0.000350616
-0.131992
0.208184
-0.0190786
0.224558
0.519237
0.00186121
-0.0799843
-1.26217
-0.369951
-0.0221368
0.102395
0.092511
0.294806
0.734259
0.146055
-0.463902
0.69771
0.0178834
0.408087
0.622805
0.210313
-0.855335
-0.189683
-0.0221763
0.753132
0.63495
0.121249
-0.0687235
1.43678
-0.00742737
0.123761
-1.04494
-0.356206
0.504261
0.259362
-0.0878482
-0.421815
-0.220031
-0.100872
0.138849
0.8379
0.00759757
-0.151228
0.853629
0.365854
-0.846057
-0.0696809
-0.027993
0.862962
-0.20898
0.0371166
0.213531
0.729126
-0.0441183
0.196196
-0.207416
-0.151751
0.186995
0.295428
0.0227817
-0.207387
0.605577
0.208035
-0.655901
-0.135069
-0.0873693
0.834395
0.0342616
0.177025
0.433657
0.510999
-0.0041511
-0.124622
-0.188414
-0.0289238
0.0553653
0.603038
0.0720003
-0.211761
-0.764689
-0.177306
0.122315
1.64877
-0.0258344
0.0906335
0.854807
0.353515
-0.797488
-0.182882
-0.0283425
0.883072
0.803757
0.430775
-0.893162
-0.101414
-0.0235619
0.890151
0.146895
0.28414
0.1326
0.287579
0.00535719
-0.0946013
0.793399
0.076801
-0.818953
0.993833
0.0471993
0.141816
0.385341
0.241226
-0.0104485
1.72977
0.00289908
-0.211312
0.601753
0.0688323
-0.203006
1.19622
0.0808174
0.47432
0.809514
0.367963
-0.831252
-0.224701
-0.0187948
0.846715
-0.168383
-0.0154477
0.249431
0.338533
0.0967618
-0.253527
0.834446
0.275393
-0.720959
-0.121776
-0.0299995
0.840156
0.899335
0.222691
-0.237217
0.366002
0.125799
0.629687
0.476406
0.177939
0.157071
1.06342
0.00255265
-0.200097
0.832768
0.43639
-0.683821
-0.240154
-0.029139
0.849784
0.881739
0.377524
-0.588676
-0.0375534
-0.0292544
0.820408
0.759444
0.2611
-0.576155
-0.264874
-0.0644083
0.830044
0.67464
0.433979
-0.5184
0.0400345
0.0317958
0.684706
-0.461219
-0.244559
0.51051
0.347282
-0.00344988
-0.189413
0.864225
0.418346
-0.832987
-0.175914
-0.0280423
0.87015
0.712566
0.363873
-0.620642
-0.0911755
-0.0596305
0.852431
-0.331504
-0.22005
0.105335
0.117314
0.10232
-0.16122
-0.963863
-0.29373
0.849132
0.417252
-0.106946
-0.503235
0.634233
0.156883
-0.0926379
1.70038
0.0358007
-0.220543
-0.434433
-0.0993729
0.00958439
1.06078
0.0396215
-0.187643
0.0587501
-0.15898
-0.373245
-0.0232868
0.0480025
0.815187
0.311561
0.0751265
0.750939
0.679221
0.0056956
-0.14785
0.219695
0.204014
0.170546
0.239247
0.00458305
-0.0900003
1.1007
0.197586
-0.0800436
0.580066
-0.0060589
-0.222012
0.842036
0.357902
-0.753011
-0.0896211
-0.0282622
0.838093
1.14552
0.513257
-1.20585
0.50962
0.0226708
0.74723
0.0435538
0.2924
0.368641
0.448804
0.00126691
-0.0968629
0.802376
0.462528
-0.732368
-0.0218876
-0.0250679
0.874272
0.178383
0.102926
-0.109763
-0.151771
0.0390063
0.772528
0.247146
-0.0264874
1.77269
0.567832
0.0254515
0.208602
0.602735
0.361968
-0.35634
0.137911
0.0457484
0.687208
-1.46685
-0.346467
0.612827
0.199394
0.107303
0.861117
0.841844
0.293061
-0.792546
-0.146926
-0.030344
0.831851
-0.893298
-0.154904
0.152157
2.15203
0.0253256
0.226342
0.755584
0.227893
-0.51553
-0.301087
-0.0619819
0.822956
-0.574292
-0.0701844
0.126537
0.666406
0.00647589
-0.151568
0.147286
0.300651
0.280893
0.523661
0.00440289
-0.0940826
0.856167
0.496953
-0.775838
-0.174094
-0.0268742
0.877954
0.811866
0.464971
-0.749976
-0.133309
-0.00848377
0.774401
0.851563
0.387746
-0.803733
-0.0885956
-0.0233044
0.845779
0.31484
-0.0583698
-0.439825
-0.189154
0.0447222
0.771601
0.605083
0.231008
-0.0390679
1.55858
0.00877277
-0.206674
0.417538
0.0629695
-0.0493648
1.22789
0.00146776
-0.141922
1.43308
0.254836
-0.29383
0.0556846
-0.045297
-0.224994
0.865702
0.43722
-0.864884
-0.22644
-0.0298786
0.835455
0.833626
0.393123
-0.983839
-0.0686071
-0.0243342
0.88844
-0.174078
-0.0595295
0.103042
0.615643
0.013933
-0.17553
0.863908
0.27786
-0.568598
-0.113101
-0.0312657
0.824822
0.0181702
0.288253
0.225629
0.523803
0.000930493
-0.0718858
0.838396
0.302564
-0.804974
-0.15352
-0.0307382
0.832383
0.321287
0.165632
-0.0333978
0.40578
0.10098
0.646167
0.86794
0.345977
-0.672782
-0.145245
-0.0302027
0.831517
-0.934902
-0.368171
0.310756
0.227909
-0.0730665
-0.330296
0.852187
-0.252379
-1.00243
0.438964
0.0337509
0.755751
0.292202
0.293734
0.0845451
0.0308009
0.0573946
0.0741433
0.444455
0.145049
-0.0576087
1.36251
0.00183913
-0.171574
1.23143
0.643842
-0.369106
-0.124476
0.096295
-0.356714
-0.0153463
-0.104488
-0.00468995
0.374397
0.304687
0.0053194
0.450736
0.511182
-0.159269
0.316542
0.122653
0.0977427
0.353996
0.186557
0.44615
-0.765071
0.0605972
-0.180385
0.338518
0.0251555
0.252807
-0.09116
-0.13072
0.374317
0.310056
0.0838565
0.497719
0.85835
-0.0108775
-0.000345783
-0.242088
0.11313
0.222752
0.3039
0.257429
0.348927
-0.0885703
0.352728
-0.00765288
-0.0574028
0.244224
0.278297
0.347632
0.284545
0.0447309
0.171873
0.0856034
-0.044358
0.0207651
0.332192
0.0965028
-0.056379
0.341226
0.410677
0.211524
-0.0382967
-0.00267822
0.363558
-0.192601
-0.0489945
-0.0907438
0.365735
-0.00313068
0.0416796
0.350604
0.429089
-0.115125
0.371801
0.252364
0.04898
-0.112461
-0.0125464
0.262108
0.170251
0.000314249
0.352325
-0.0274319
0.0129722
0.245129
-0.0568236
0.138706
0.0463058
-0.285555
-0.0623477
0.356316
0.0398137
-0.0297548
0.259103
-0.0165543
-0.0492813
-0.0903555
0.310188
0.267103
0.00945893
-0.051159
0.0385543
-0.209237
0.268039
-0.0706751
0.37375
-0.318849
0.00887622
0.351287
0.448908
0.383096
0.163584
-0.0505877
0.353656
0.309822
-0.0695402
-0.372248
0.177633
-0.227652
0.416829
0.000141344
0.0110185
0.0133206
0.389621
0.828658
0.00808628
0.287534
0.479158
-0.0762206
0.118861
0.459104
0.407236
0.173182
0.350157
-0.0594345
0.0697602
0.327757
0.276807
0.325507
0.39328
0.0232511
0.134688
0.0478208
0.416867
0.287156
-0.0365663
0.419139
0.0247215
0.408037
-0.238318
0.417066
-0.124672
0.482943
0.0579725
0.0257165
0.529932
0.696347
