3
3
3
33
4
100
1
0
0
4
0
1
0
4
0
0
1
4
0.013452
-0.884939
0.25516
0.013452
-0.734895
-0.73783
0.577088
-0.884939
0.0133722
-0.174348
0.156017
0.25516
-0.0236512
-0.328072
-0.718367
-0.734895
0.782885
-0.827377
0.695024
-0.73783
0.0592312
0.100522
0.696922
0.577088
-0.682004
-0.404008
0.635616
0.0133722
0.955795
0.866267
-0.379172
-0.174348
-0.0373389
-0.234431
0.748498
0.156017
-0.272991
-0.230272
-0.92969
-0.0236512
0.269286
-0.981847
-0.605817
-0.328072
0.761644
-0.995341
-0.780998
-0.718367
0.24621
0.998474
0.134302
0.782885
-0.0241238
-0.790289
0.0508329
-0.827377
-0.431869
0.316906
0.979045
0.695024
0.288503
-0.393797
-0.717209
0.0592312
-0.0238011
-0.665165
-0.445788
0.100522
-0.804035
0.86083
-0.0262433
0.696922
0.441377
-0.615454
-0.579935
-0.682004
-0.510803
-0.6496
-0.265741
-0.404008
0.963526
-0.428271
0.95918
0.635616
0.848584
0.262134
-0.761525
0.955795
0.711684
0.565247
0.631816
0.866267
0.151248
-0.924804
0.0657667
-0.379172
-0.306847
-0.341439
0.213589
-0.0373389
0.651864
-0.453958
0.00668068
-0.234431
0.657136
-0.140417
-0.0166697
0.748498
0.505062
0.56194
0.0482951
-0.272991
0.270416
-0.432144
0.642691
-0.230272
0.748486
-0.0915775
0.245222
-0.92969
1
0
0
0
0
0
0
0
0
0
0
0
0
0
0
0
0
0
0
0
0
0
0
0
0
0
0
0
0
0
0
0
0
0
0
1
0
0
0
0
0
0
0
0
0
0
0
0
0
0
0
0
0
0
0
0
0
0
0
0
0
0
0
0
0
0
0
0
0
0
1
0
0
0
0
0
0
0
0
0
0
0
0
0
0
0
0
0
0
0
0
0
0
0
0
0
0
0
0
0
0
0
0
0
0
0.013452
-0.884939
0.25516
-0.734895
-0.73783
0.577088
0.0133722
-0.174348
0.156017
-0.0236512
-0.328072
-0.718367
0.782885
-0.827377
0.695024
0.0592312
0.100522
0.696922
-0.682004
-0.404008
0.635616
0.955795
0.866267
-0.379172
-0.0373389
-0.234431
0.748498
-0.272991
-0.230272
-0.92969
0.013452
-0.680433
-0.374694
-0.248546
0.31048
5.8797
0.566613
0.346861
-0.339425
-0.56846
0.173992
0.0972519
-0.411922
-0.39386
0.355442
3.39446
-0.0059736
-0.000417306
0.000291659
-0.000940673
0.0170657
0.256615
-0.420849
-0.30681
-0.655404
4.48831
-0.000644313
-0.000324821
-0.00578636
0.00287026
0.0129222
0.326795
-0.155253
0.0743518
0.146949
-0.685698
-0.00119151
0.00618015
0.000647113
0.00490702
-0.0430326
0.267004
-0.43305
-0.308106
-0.656043
4.50548
-0.0121373
-0.000138593
-1.43168
-0.843004
6.33547
-0.000382166
-0.000237895
0.000214805
-1.18366e-05
0.000341647
-0.680721
-0.377967
-0.243684
0.313148
5.87086
0.198363
0.470636
0.52915
-0.595482
-2.32039
0.392544
-0.387397
0.50333
0.30882
-1.38293
0.239097
0.497071
-0.469076
0.403847
-0.604092
0.417646
-0.285551
0.389191
-0.485525
0.213487
-0.453597
0.383208
0.414946
-0.409108
0.700918
0.248661
0.502107
-0.470737
0.408764
-0.650246
0.254719
0.510431
-0.471156
0.400326
-0.681738
-0.453193
0.39361
0.422533
-0.409614
0.640415
-0.462946
0.366777
0.398102
-0.415392
0.887464
-0.669241
-0.37203
-0.206198
0.336962
5.58232
-0.455773
0.273141
-0.357612
-0.42999
4.31746
-0.46729
0.362451
0.407079
-0.409843
0.877773
0.0964826
-0.404247
-0.401362
0.346008
3.40267
0.419215
-0.288476
0.392531
-0.483274
0.205131
0.416265
-0.282876
0.384012
-0.478946
0.202205
-0.428476
-0.0847314
0.422888
-0.471835
2.55897
-0.00139629
-0.0027974
0.0015079
0.00458411
-0.00624849
-0.603469
-0.38399
0.401235
0.404315
2.85325
0.259065
0.515447
-0.47395
0.397896
-0.69584
-0.0123141
-0.00172494
-0.00419448
0.0132469
0.0225804
-0.461521
0.374588
0.412051
-0.410359
0.790937
0.096798
-0.405265
-0.397098
0.34887
3.38334
0.0955185
-0.40197
-0.396929
0.349641
3.36943
0.239595
0.502452
-0.473957
0.399013
-0.594394
0.395476
-0.388953
0.51136
0.313676
-1.41538
0.416579
-0.285371
0.387263
-0.480141
0.206297
-0.0159439
-0.00674724
-1.28608
-0.82556
8.28613
0.0958234
-0.400865
-0.386187
0.350586
3.30986
0.254109
0.508592
-0.470712
0.396561
-0.671921
-0.000315267
-5.4084e-05
0.0003729
-0.000109166
-0.00152
-0.000216128
-3.16439e-05
-0.000154376
-0.00501463
0.00650288
-0.679521
0.372017
0.314459
0.200042
0.872128
-0.000168459
-6.67028e-05
1.85057e-05
0.000303281
-0.000308099
-0.0097238
0.00400866
0.000419489
0.00100684
0.00478912
9.62555e-05
6.01395e-05
0.00461451
-7.75494e-07
-0.0240029
-0.687419
-0.37894
-0.243242
0.313649
5.90379
0.393158
-0.387852
0.50779
0.312825
-1.40049
0.197874
0.460062
0.521935
0.29297
-4.00551
-0.683553
-0.3767
-0.247134
0.311784
5.89576
0.259824
-0.426074
-0.30759
-0.657717
4.51261
0.199698
0.453318
0.515038
0.296058
-3.97558
0.393649
-0.388537
0.509453
0.314639
-1.40649
0.0947266
-0.410286
-0.387515
0.353895
3.36387
0.198049
0.458381
0.522089
0.300981
-4.01203
-0.500051
0.204396
-0.335365
-0.454109
4.72908
0.334695
0.452774
0.497542
-0.583162
-2.70025
-0.466602
0.276474
-0.350135
-0.437945
4.34521
0.0960664
-0.407862
-0.398864
0.35588
3.40061
-0.50212
-0.276972
0.345313
-0.428313
3.87532
0.197495
0.454511
0.522548
0.302452
-4.00291
-0.000184002
0.00210767
-1.63861e-05
0.000334169
-0.0110381
0.394579
-0.388496
0.516687
0.314908
-1.43192
-0.518727
0.496293
-0.251967
0.612588
1.19355
-0.586092
-0.369787
0.389595
0.399757
2.77235
0.000125703
0.00186433
0.000507434
0.00178361
-0.0176694
0.0980233
-0.41421
-0.393395
0.351493
3.40473
0.099879
-0.41246
-0.399387
0.351079
3.42088
0.198039
0.451434
0.517414
0.300169
-3.97433
0.39442
-0.38995
0.515489
0.313414
-1.41944
0.199156
0.455777
0.525266
0.302199
-4.02619
-0.0091906
0.00343898
0.00164315
0.00885506
-0.0190697
0.0127125
0.621509
0.559356
-0.532039
-2.43932
-0.00016373
-1.01828e-06
0.00254377
0.00050251
-0.0134603
0.567307
0.345266
-0.333768
-0.560778
0.126811
-0.364709
0.0260531
0.528274
-0.449448
1.36643
0.418065
-0.284397
0.390623
-0.48269
0.193434
0.394533
-0.388487
0.504521
0.313045
-1.39266
0.244017
0.499251
-0.462197
0.402444
-0.655905
0.242761
0.508402
-0.476873
0.400877
-0.61226
0.199547
0.463873
0.531343
0.298973
-4.06727
0.100799
-0.410516
-0.391855
0.360645
3.36276
-0.00803886
0.000261492
4.07774e-05
0.00252317
0.0145341
-0.502509
-0.2737
0.347787
-0.42929
3.85814
-0.458871
0.3813
0.423011
-0.406786
0.702047
-0.507388
0.244867
-0.341634
-0.458597
4.6196
0.393282
-0.386463
0.509615
0.312749
-1.41369
-0.409154
-0.396868
-0.434551
-0.469278
7.23361
0.0956211
-0.411759
-0.393525
0.351789
3.39962
0.199533
0.448074
0.518325
0.298836
-3.97656
-0.00895595
0.00104574
0.000784603
0.00429229
0.0071438
0.265565
-0.432044
-0.307346
-0.654866
4.49894
-0.010414
0.0109699
-1.17521
-0.663713
6.75839
-0.46063
0.27419
-0.354244
-0.437288
4.3422
0.239338
0.498271
-0.471064
0.40741
-0.604037
0.569319
0.341727
-0.338392
-0.565363
0.168526
-4.31691e-05
0.00307115
-6.52301e-06
-0.000151825
-0.015359
-0.673861
-0.371861
-0.214116
0.33289
5.64545
-0.000772981
-0.0100973
0.000939927
-0.00542187
0.0359313
0.93593
0.825816
0.98675
-0.000985956
0.94187
0.00427432
0.731809
0.00143766
0.95908
-2.29498
0.0181599
0.946194
0.922998
1.16005
0.937565
0.969035
0.890923
0.923089
0.928011
0.889828
0.864269
1.01608
0.717227
0.87955
0.977223
0.974739
0.982206
0.898876
-0.00913298
1.0924
0.919076
-0.00897978
0.880154
0.983236
0.987281
0.929731
1.15174
0.982014
1.81245
1.01039
0.929244
0.0120704
-0.0179308
0.915943
0.00102482
0.00660669
-0.0110669
0.943064
1.15743
1.00849
0.937168
0.936929
1.02382
1.1487
1.00015
1.00835
0.736704
0.933099
0.710811
0.974176
0.912699
1.01465
0.0116334
1.15182
0.980895
1.09422
0.00579642
0.984688
0.979981
1.01746
1.16359
1.02569
0.00753827
0.987875
-0.00108418
0.842613
0.943827
0.975168
1.14505
0.947391
0.916262
1.01439
0.989507
0.00135953
0.907548
0.898297
0.839971
1.16345
0.823551
0.987472
1.03686
-0.000651564
0.961998
1.36953
0.703141
0.926778
0.832564
0.00241979
0.996975
-0.00451881
0.801607
1.00758
1.10627
0.983849
0.00700102
1.05363
-0.0159101
0.520573
-0.0105587
1.03287
0.000213062
-0.0130744
0.998099
1.01017
0.955998
1.08941
0.960138
0.998913
1.0915
1.09015
0.967014
1.0106
0.997026
1.0765
1.00854
1.01754
0.943451
0.971722
0.914156
-0.00282616
0.907549
1.06903
-0.0103389
0.994388
0.99455
1.01054
1.10151
0.939632
0.965895
-0.0113856
1.01179
1.09076
-0.0132745
-0.00835502
1.00406
-0.00786318
-0.0120585
-0.0150082
0.998641
0.944968
0.950204
0.994116
1.03526
0.967466
0.929317
0.995091
0.956469
1.02027
1.03555
1.07001
0.988107
0.952658
0.935435
-0.00222045
0.929784
1.01173
0.934837
-0.0148692
0.987559
0.976557
0.95307
0.913221
0.941785
-0.0159126
0.934142
0.00942706
1.11463
0.822429
0.963148
0.933054
1.10356
1.09482
0.936014
0.979751
-0.00257938
0.949702
0.97341
0.963878
0.938385
1.04556
0.982872
0.96196
0.0127501
1.03883
-0.0009369
1.05981
1.09287
1.1062
-0.00560599
0.993239
-0.00911066
0.848779
1.04656
1.05156
1.02708
-0.00941634
1.05674
0.0128331
0.583046
-0.000985908
1.03675
0.000207903
0.000983121
1.04193
0.959377
0.983427
1.08199
0.963567
0.951258
1.04569
1.04087
0.953487
0.972208
1.0217
1.04173
0.970518
1.03257
0.971942
0.977636
0.902072
-0.0131004
0.967021
1.05302
0.0028006
0.96235
1.04806
1.03742
1.06622
0.972747
0.968545
-0.0102568
1.04718
1.05222
-0.00649213
-0.00215522
0.965149
0.00109448
-0.0161267
0.00756768
1.03246
0.978062
0.927364
1.04923
1.05028
0.927999
0.988409
1.03692
0.913361
0.9826
0.983201
1.00511
1.03144
0.951589
0.937708
-0.00696982
0.970142
0.986004
0.973174
-0.00901597
1.0292
1.03034
0.934249
0.98669
0.930022
-0.00598097
0.874912
-0.0112834
1.06089
0.81932
0.960168
0.998642
1.05048
1.05582
0.918752
1.01454
-0.00580976
0.947937
0.963774
0.952058
0.981244
1.05491
1.04455
0.935229
-0.0133067
1.03773
-0.00135754
1.03245
1.06751
1.05879
-0.0138693
1.0258
0.00279736
0.853798
