4
1
1
250
0.371794
-0.211933
0.146632
0.0919171
0.639504
0.269346
-0.120351
-1.06015
-0.174264
0.238863
0.0046524
0.0368189
-1.18419
-0.283758
-1.01035
0.387764
-0.371734
0.217673
0.0639457
0.578008
0.414074
-0.196899
0.122744
0.106148
0.643779
0.362492
-0.166826
0.329244
0.0886708
0.648567
0.367292
-0.2477
0.258162
0.0663376
0.619031
0.303517
-0.122848
0.311663
0.0702247
0.534717
0.023059
0.047395
0.0495939
-0.00736108
-0.0725235
0.055227
-0.00222413
0.0412819
0.000265448
-0.0409218
-0.0878878
0.105061
-0.858001
-0.228375
-1.0302
0.0545259
0.0157952
0.375085
0.459753
-0.623997
0.0372561
0.0100681
0.115586
-0.00348634
-0.0792785
0.0938178
0.0460836
0.107832
0.0178273
-0.152681
0.165155
-0.019261
-0.823334
-0.277715
0.746891
0.0846393
0.0295047
0.037369
-0.00480572
-0.0753813
0.0557429
0.00988163
0.0605954
0.000556584
-0.0571555
0.415057
-0.162448
0.193114
0.0672438
0.583412
0.34944
-0.150434
0.328789
0.0974169
0.662894
0.432447
-0.189697
0.252865
0.0598709
0.606666
0.428011
-0.174587
0.233156
0.0927609
0.650815
0.380569
-0.215033
0.299423
0.0761811
0.621846
0.00393964
-0.0064388
0.0249408
0.000930969
-0.0221375
0.00472715
-0.00760598
-1.09362
-0.401672
-0.995475
0.0438375
-0.0922352
0.0508438
0.0121928
-0.123981
0.376684
-0.16602
0.299346
0.0594728
0.551979
0.219912
-0.050636
0.69803
0.284652
-0.199954
-0.0354659
0.00294699
-0.0209153
0.0166942
-0.0841029
0.0407956
-0.0501774
-1.01182
-0.218891
0.790379
0.0559014
0.0465899
0.116257
0.0120034
-0.135182
0.169897
-0.013459
-0.927649
-0.297662
0.822866
0.34753
-0.154956
0.250157
0.0919228
0.612068
-0.110932
0.0864825
0.0287972
0.00138929
-0.15305
0.295488
-0.142661
0.277915
0.0921035
0.592673
-0.015554
-0.0324448
-1.153
-0.246037
0.657063
0.345385
-0.15913
0.235921
0.0946471
0.610817
0.0061287
0.00897493
0.0637574
0.000950028
-0.0349476
0.293015
-0.0631991
0.0678289
0.0699479
0.441295
0.345351
-0.20832
0.280019
0.0835153
0.620054
0.374436
-0.122796
0.321562
0.0497711
0.50911
0.0842961
0.0262244
0.24846
0.00933579
-0.179189
0.492935
-0.203333
0.149201
0.0608481
0.6047
0.321813
-0.139444
0.239256
0.0905923
0.583445
0.314424
-0.157629
0.0826891
0.0821993
0.531178
0.342032
-0.206439
0.221175
0.0879453
0.614776
0.0659331
-0.0455288
1.75746
0.565707
-0.774488
0.0602735
-0.0215324
0.0730084
0.000515084
-0.0677902
0.340832
-0.156128
0.326463
0.0885884
0.635141
0.0590869
0.0158963
0.108221
-0.0112874
-0.122826
-0.0472533
0.0727417
0.0367489
0.00163873
-0.0715685
0.409776
-0.172632
0.14989
0.097797
0.622105
0.34664
-0.220747
0.342692
0.0850253
0.651328
0.429973
-0.408011
0.134435
0.0535226
0.622506
0.376927
-0.168841
0.287069
0.0870277
0.629697
0.359575
-0.203588
0.231302
0.0946832
0.631407
-0.0694451
0.0129616
-0.0145545
-0.0040709
-0.0839697
0.369039
-0.203878
0.207216
0.0807596
0.598375
0.276511
-0.106286
0.304902
0.0570056
0.478655
0.371706
-0.224675
0.24201
0.0729919
0.599241
-0.0517945
0.0468168
0.088581
-0.0127025
-0.118649
0.40569
-0.170341
0.290656
0.0696442
0.588723
0.396466
-0.184245
0.16453
0.0727369
0.590239
0.54237
-0.329518
0.285785
0.0575104
0.599619
0.354618
-0.210956
0.169768
0.0784417
0.598562
0.363772
-0.231039
0.244185
0.0600733
0.581265
0.266489
-0.0970162
0.285178
0.0178538
0.34609
0.365628
-0.154179
0.303813
0.09403
0.65189
-1.03692
0.714457
0.326837
-0.0500012
-0.167929
0.501142
-0.09941
-0.603886
-0.310347
0.439376
0.149499
-0.00757768
0.064705
-0.00804031
-0.119112
0.370896
-0.218574
0.24971
0.0600477
0.587676
0.0816934
-0.0456746
-0.972961
-0.246563
0.814755
0.25576
-0.107485
0.155558
0.0477075
0.406166
0.402763
-0.116452
0.239149
0.0475458
0.518223
0.364336
-0.279832
0.289111
0.0712624
0.63221
0.387754
-0.122139
0.259538
0.0553128
0.508574
0.351552
-0.146523
0.166154
0.0931909
0.612733
0.399446
-0.162148
0.238867
0.0941391
0.640405
0.173615
-0.0271401
0.185
0.0214257
0.2192
0.444723
-0.179101
0.270678
0.0628537
0.584727
0.360254
-0.219891
0.306364
0.0819862
0.633095
0.327357
-0.147696
0.174618
0.0841852
0.553061
-0.0199995
0.0205091
-0.56281
-0.112507
-0.764972
0.386197
-0.26463
0.193382
0.0518038
0.563147
0.377045
-0.206412
0.303689
0.0827167
0.636413
0.00114951
0.035187
-1.44708
-0.484708
-0.665669
0.0109378
0.0128313
0.0719252
0.000663255
-0.0674296
0.0761419
-0.00133803
0.0184619
-0.00117216
-0.0460124
0.0437298
-0.0503299
-1.07715
-0.233689
0.847016
0.0100177
0.0279553
0.107257
-0.00328603
-0.0696418
0.0331831
-0.00476226
0.0842882
0.0150612
-0.0618319
0.269534
-0.107692
0.273059
0.0590004
0.465031
0.0527705
-0.0234068
-0.916108
-0.199453
0.726692
0.344179
-0.145143
0.376146
0.0859685
0.644222
0.0229364
-0.0139565
0.0168373
-0.00596949
-0.0475454
0.124253
-0.0507072
0.912426
0.293965
-0.933477
0.356904
-0.269084
0.260623
0.0653477
0.614353
-0.0615414
0.10216
0.112629
-0.0106505
-0.160738
0.0547708
-0.0169576
0.0206391
-0.0132324
-0.0946863
0.0602775
0.0104826
0.0338099
0.000782687
-0.0447891
0.371844
-0.121784
0.190609
0.100563
0.605559
0.349436
-0.192577
0.117158
0.0995797
0.581601
0.371564
-0.230045
0.246981
0.0772623
0.609668
0.340851
-0.171367
0.297964
0.0865091
0.616178
0.105355
0.0252813
0.00669115
-0.00239376
-0.0779683
0.39644
-0.15432
0.241797
0.0818157
0.596335
0.357553
-0.181468
0.0900977
0.0985172
0.59012
0.0704559
-0.0103224
0.035715
0.00540835
-0.0717377
0.0501625
0.0519722
0.178385
0.000877734
-0.162152
0.36586
-0.154726
0.330702
0.0679257
0.583776
0.398653
-0.243198
0.266809
0.064345
0.627731
0.0198486
0.0275663
-0.732325
-0.20745
-1.03421
0.395388
-0.266154
0.211027
0.0758459
0.623783
-0.0312067
0.125311
0.0700028
-0.00889278
-0.142922
0.326923
-0.211306
0.190629
0.034512
0.449679
-0.01366
-0.0113991
-1.10179
-0.341329
0.700272
-0.0476443
-0.0837912
0.0684157
-0.00112959
-0.130584
0.130473
-0.0441141
-0.828146
-0.276362
0.735488
0.358309
-0.203293
0.281501
0.088162
0.63228
0.442995
-0.184552
0.271282
0.0762562
0.631355
0.453037
-0.202175
0.290256
0.0670975
0.633188
0.0941773
-0.0332469
0.0266853
0.00577806
-0.094964
-0.0352412
0.12593
0.0923206
-0.00680493
-0.13586
0.371799
-0.19809
0.265682
0.0911521
0.640323
0.0490717
0.0138323
-0.464293
-0.455265
-0.836253
0.344251
-0.161601
0.333921
0.0858575
0.625845
0.161903
0.00110694
0.0312171
0.00200264
-0.115753
0.304742
-0.0748001
0.242628
0.0258992
0.375739
0.36503
-0.250865
0.15034
0.0731366
0.591113
-0.0147096
0.0930208
0.152656
0.00639447
-0.125351
0.00648939
-0.0153871
0.0866436
-0.000742274
-0.0561414
0.0132864
0.0060042
-1.29382
-0.335148
-0.962902
0.364931
-0.191866
0.32976
0.0817996
0.633129
0.352242
-0.233529
0.211735
0.0778977
0.623378
-0.038117
-0.0777685
-0.92717
-0.30488
-1.14246
0.382567
-0.195428
0.304317
0.0708961
0.596438
0.374517
-0.154729
0.344912
0.0818618
0.646907
0.336447
-0.135494
0.287823
0.0966088
0.63204
0.00100856
-0.0104021
-1.18959
-0.395411
-0.875091
-0.126856
0.0696025
-1.18725
-0.0127083
-0.373173
0.0467154
-0.0150516
-0.926936
-0.317706
-0.956854
0.0611632
0.00498307
0.0396213
-0.000838245
-0.0488927
0.393943
-0.179094
0.317711
0.0761876
0.62048
0.356718
-0.176035
0.217391
0.0975296
0.622527
-0.0302589
-0.0230518
-0.808295
-0.290218
-1.04777
0.341056
-0.25098
0.143059
0.0805931
0.602592
0.29264
-0.145353
0.138009
0.0869989
0.528049
0.346793
-0.236018
0.17847
0.0820111
0.619136
0.000916714
0.0455548
0.0671576
0.000761122
-0.0480986
0.361882
-0.0918584
0.0713933
0.0601536
0.419051
-0.0114848
0.0773645
-0.657848
-0.128025
-0.793022
0.381076
-0.171982
0.28305
0.0594542
0.548666
0.0361784
-0.0314755
0.0578506
-0.00163468
-0.0600417
0.248985
-0.128289
0.120952
0.0374946
0.349724
0.416832
-0.171087
0.214768
0.0735497
0.61787
0.373255
-0.24631
0.331743
0.0780621
0.649109
0.355984
-0.171091
0.258271
0.0924192
0.62526
0.3873
-0.163577
0.215057
0.056036
0.521913
-0.127918
0.152648
1.16587
0.0497384
0.272009
0.00750251
0.0064608
0.0322063
-0.000937557
-0.0270246
0.315368
-0.202768
0.132287
0.0727621
0.545012
0.388264
-0.147453
0.25417
0.0763752
0.577908
0.0202336
-0.0232266
-0.647342
-0.392171
-1.06646
0.335484
-0.234193
0.250041
0.0906519
0.625813
0.0306275
0.00206479
0.0560531
0.00350265
-0.0477655
-0.00391629
0.0860473
0.0548429
-0.0196682
-0.119739
0.0491572
0.03385
0.0628235
0.010865
-0.0850901
-0.0195666
-0.0205912
-0.627453
-0.156871
-0.813993
0.0959749
-0.00491013
0.169501
0.010066
-0.187469
0.316918
-0.157826
0.15754
0.0872573
0.581987
0.304175
-0.16002
0.187736
0.0880339
0.587568
0.43963
-0.162424
0.311477
0.0794666
0.653153
0.276365
-0.13565
0.171626
0.0708223
0.482649
0.362984
-0.196269
0.0100263
0.0812164
0.477484
0.0345232
-0.00975448
0.0780488
-0.00175252
-0.105194
-0.131464
-0.0134834
-0.200674
-0.00785835
-0.202102
0.0897436
0.00753124
-0.841089
-0.213234
-1.0206
0.0458796
-0.016882
-0.9304
-0.222888
0.775646
0.382833
-0.168199
0.294844
0.055996
0.55099
0.376479
-0.236051
0.29393
0.0791981
0.647084
0.0493462
-0.0147086
0.088327
-0.00425244
-0.0982168
0.377499
-0.155741
0.225304
0.10106
0.641097
0.103575
-0.00413046
0.0539526
-0.000610521
-0.0681904
0.354623
-0.102201
0.254334
0.0407936
0.449757
0.202038
-0.0457859
0.224106
0.0212181
0.271531
0.328671
-0.210966
0.171903
0.0757617
0.574225
0.440552
-0.190718
0.152668
0.100583
0.617513
-0.0257847
0.0192242
-1.31552
-0.505597
-0.431656
0.0632518
-0.109845
-0.817891
-0.275024
0.756288
-0.169325
0.148544
0.253209
-0.0160805
-0.1427
0.392172
-0.138158
0.3606
0.0807714
0.643212
0.109598
-0.00831456
0.0256652
0.00277152
-0.0690653
0.00493
-0.00846067
-0.960643
-0.289081
0.193846
-0.0322143
0.0286144
-0.744232
-0.2811
-1.0033
0.0527147
0.00288
0.052427
-0.00206982
-0.0500468
-0.110388
0.11075
-0.0257555
0.00231911
-0.123644
0.359358
-0.241548
0.197787
0.0715808
0.600956
0.0305557
0.0256808
0.0112206
0.00683499
-0.0620154
0.395145
-0.15173
0.11015
0.092335
0.614744
0.00346598
0.000164081
0.233696
-0.00631452
-0.127477
0.343335
-0.225115
0.196997
0.0873047
0.610265
0.351223
-0.101429
0.122618
0.0579101
0.452174
0.303268
-0.182573
0.173716
0.0702294
0.536812
0.375374
-0.105463
0.263561
0.0438981
0.459429
0.346643
-0.198962
0.283845
0.0842511
0.627441
-0.132913
0.063263
0.309673
-0.0188371
-0.397379
0.165137
0.11962
-0.086431
-0.0234051
-0.233971
0.0109219
0.0638413
-0.618048
-0.207442
-0.860139
-0.101426
0.0410123
-0.848137
-0.229148
-0.944615
0.408654
-0.190835
0.222473
0.0915917
0.638074
-0.0363225
0.017303
0.108152
-0.0374332
-0.204283
-0.000963594
-0.0146764
-1.30307
-0.444028
-0.790088
0.278901
-0.114538
0.164384
0.0669853
0.445324
0.333362
-0.190159
0.215528
0.0867019
0.582523
0.0354814
-0.0123311
0.111677
0.00101159
-0.0894549
0.375748
-0.108071
0.186494
0.0898804
0.584687
0.340382
-0.175203
0.24694
0.0955555
0.623192
0.380821
-0.257056
0.344848
0.0532284
0.596894
0.111151
-0.00377113
0.151606
0.0112297
-0.156921
0.379999
-0.232108
0.297963
0.0641281
0.602358
-0.0306203
-0.0303712
-0.651794
-0.176747
-0.823662
0.322268
-0.130251
0.238755
0.0303532
0.428754
-0.0370489
0.0238839
0.263438
0.0209921
-0.228219
0.0152989
0.0650049
0.013309
-0.000325431
-0.0394475
0.348156
-0.149356
0.182246
0.0939139
0.595036
0.109058
-0.0441114
0.180473
0.000882651
-0.197783
0.424856
-0.163222
0.26873
0.0880571
0.641976
0.305566
-0.157416
0.198863
0.0844339
0.583908
0.0358671
-0.00944551
0.020529
-0.000482409
-0.0303757
0.395752
-0.16619
0.232237
0.0542934
0.527941
0.284385
-0.136986
0.321371
0.0788128
0.563865
0.0180825
0.0165861
-1.0491
-0.304178
0.653847
0.116263
-0.0942395
0.980228
0.22257
-0.554864
0.0502994
-0.0429796
0.00698498
-0.0110308
-0.0830391
0.349609
-0.210028
0.121883
0.0829213
0.586635
0.0955137
-0.0306634
0.821816
0.372611
-0.834935
0.377615
-0.151437
0.200887
0.0511188
0.515623
-0.227791
0.279657
0.118803
-0.0117899
-0.321913
0.366654
-0.15846
0.23378
0.0963864
0.625631
0.0429757
0.0706697
0.0192717
0.0016824
-0.0728584
0.357647
-0.21274
0.333608
0.0903023
0.66938
0.327427
-0.140704
0.223023
0.0863578
0.564373
0.0252733
-0.00466237
0.0388909
-0.000414167
-0.0300285
0.460808
-0.174976
0.283094
0.0706352
0.620674
0.274216
-0.0743427
0.304357
0.0181121
0.354782
0.0839005
-0.171376
-1.00861
-0.294639
0.688104
0.744768
-0.464866
0.241531
0.181375
0.371886
0.0625856
-0.015306
0.0446703
-0.00193819
-0.057553
0.0689729
0.00343657
0.0813447
0.00159519
-0.0755002
0.380766
-0.165553
0.429175
0.0615882
0.617643
0.253534
0.277252
-1.4412
0.165645
0.288456
0.247419
0.221244
0.141918
6.98712e-05
-0.000289806
-1.52025
0.62943
-0.00247402
-0.0344031
0.43126
-0.000385627
-0.00642775
0.214647
0.243457
0.258737
0.273922
0.243889
0.0031042
-1.43199
0.0139686
0.159825
0.172025
0.00739612
0.485636
0.00463319
0.539315
0.193565
0.00608957
0.174244
0.364653
0.192947
-0.00507179
0.0670772
0.20699
0.114177
0.0278779
0.261238
0.137263
0.131398
0.19358
1.61832
-0.00429719
0.215827
-0.0221706
-0.0213217
0.263864
0.214012
0.235632
0.232859
0.210975
0.0308404
0.205228
0.0907881
0.19559
-0.0118166
0.222009
0.215404
0.293192
0.193712
0.172107
0.0279206
0.242204
-0.108197
0.35434
0.0116459
0.196864
0.419035
0.0539145
0.145759
0.206753
0.130493
0.19887
0.281415
0.00575701
0.238811
0.226244
0.128991
-1.07638
0.179906
0.225398
-1.16683
0.00594992
6.26997e-05
0.591766
-0.00570585
-0.00185636
0.0818952
0.411426
0.233823
-0.000518651
2.04267
0.194282
-0.0106806
-0.00553312
0.000209345
0.207063
0.173087
0.217498
0.185835
-0.00325959
0.221269
0.192342
-0.00285483
0.0158876
0.168087
0.264977
-1.52303
0.261757
0.00313299
0.077548
0.422502
-0.00208488
0.527886
0.224344
0.299085
0.240314
-0.000744409
0.0131011
0.22774
-0.88123
0.200999
-0.00707941
0.04056
0.177497
0.00168239
0.00330698
-1.3348
0.2338
0.202584
-1.84393
0.201535
0.262645
0.1812
-1.31701
-0.36942
-1.58509
0.000314508
0.251835
0.206489
-1.39427
0.182874
0.103266
0.211087
-0.00389812
0.0606718
-0.98076
0.149237
0.000983052
0.0292892
0.233174
0.225821
0.215544
0.140388
-0.104255
-6.73647e-05
0.115863
0.182596
-1.5062
0.187098
-0.000511606
-0.00984993
-0.00530222
-1.26563
-0.0224006
0.139167
0.158692
0.338594
0.08233
0.0919027
0.00547314
-0.0104644
-1.50178
0.469283
0.168005
0.25139
-0.00611273
0.225593
-0.00317212
0.0811267
0.0112355
0.145037
0.278334
-1.01921
0.476745
0.00419384
0.236922
-0.000125975
0.309635
-1.37949
0.00297721
-0.00685089
0.200068
-0.0178901
0.211098
-0.00181625
0.195462
0.0774588
0.129448
0.0957935
0.215408
-0.01875
2.3647e-05
-0.680193
-1.36624
0.246957
0.0226856
-1.19555
0.0710197
0.174553
0.0124729
0.170804
0.210965
0.220494
0.0431869
0.217016
-0.535439
0.063979
0.000265224
-0.0101203
0.175566
0.00740817
0.306087
0.141559
0.000141697
0.153342
0.152787
0.452432
0.76321
-0.00667267
0.170233
1.84527
0.132311
-0.0356434
0.230662
0.0163271
0.233378
0.132432
-0.000480759
0.29992
0.0302773
0.450154
0.207739
0.00245537
0.00189071
0.196345
0.433956
