4
1
1
100
-0.0140672
-0.0686288
0.0211162
0.29803
1.0762
0.0112728
0.184157
0.334015
0.0365792
-0.300317
-0.0109375
0.00926583
0.0399648
0.377149
1.19055
0.0388346
0.0580232
-0.0157695
-0.293711
1.11902
0.00309902
0.093757
-0.165425
-0.26251
1.16387
-0.0264423
-0.0964707
-0.107082
0.30369
1.03209
0.0125969
-0.141682
-0.548971
0.149889
1.37783
0.0154203
-0.0554509
-0.470234
0.146387
1.35313
-0.0190939
0.0689117
0.239646
0.18469
1.17355
0.114116
-0.00536604
0.82834
-0.0420981
1.31091
-0.052002
-0.207572
-0.0438778
-0.173198
1.24415
0.00172269
-0.0540364
-0.124614
0.257941
1.16581
-0.0373044
-0.048585
-0.101125
0.283098
1.15694
-0.00998674
0.0227587
0.447914
0.272388
1.14774
0.0330368
-0.0894154
-0.450508
0.1396
1.30012
0.0213036
0.00473151
0.178516
0.00825632
-0.244272
0.0557903
-0.165437
-0.0719064
-0.0948578
1.13234
0.00222923
0.0309995
0.326296
0.220902
-0.677777
-0.0345932
0.00457759
0.0413822
-0.29481
1.20669
-0.0271408
0.0929881
0.000969472
-0.110635
1.17457
0.0038483
0.0448108
0.391612
0.172984
-0.594659
-0.0143431
0.260533
0.211766
-0.137729
1.1075
0.00569769
-0.106413
0.11552
-0.099894
1.19257
-0.00331917
-0.00683712
1.5853
0.0872343
1.2075
-0.0573194
-0.0688479
-0.0469932
-0.274414
1.22908
-0.0347717
0.0647408
0.0390676
-0.137543
1.24797
0.0710521
-0.15045
0.0458771
-0.107398
1.12339
-0.0587222
0.0532093
-0.0649218
-0.154655
1.17528
0.0224884
-0.167463
0.0570532
-0.160337
1.15544
0.0113683
0.0441779
0.442617
0.259172
-0.847104
0.00734042
0.0156955
0.0834648
0.256625
0.0115185
-0.0322012
-0.0273297
0.063105
-0.0983649
1.1766
-0.0194406
-0.0902893
-0.4985
0.150558
1.35573
0.0442672
0.317109
0.332757
-0.0432779
1.30165
0.000344776
-0.0463293
-0.207306
0.360026
1.19682
0.00194587
0.00819978
1.46791
0.12577
1.15163
-0.00979081
0.0202992
0.0277122
0.297532
1.09458
-0.00176422
-0.000187956
-0.0324662
-0.159732
1.17908
-0.0016501
0.0126267
-0.164676
0.351051
1.14926
0.000292794
0.0489261
0.169924
0.0726236
-0.405582
-0.0744626
0.126283
0.366677
0.239133
1.15014
0.017249
0.180569
0.431723
-0.0901548
1.36724
0.0120203
0.0697764
0.0605133
-0.211836
1.17425
-0.0176953
0.00363415
0.0246081
0.355949
1.1785
-0.0138724
0.259919
1.02207
0.0914941
1.08775
0.0044132
0.0398804
0.423771
0.251257
-0.792334
0.0861772
-0.0404303
-0.144159
-0.185233
1.10691
0.0112363
0.135727
0.0768724
0.0312642
-0.165779
0.0239774
0.0201555
0.264004
0.174108
-0.544907
-0.0359306
-0.184257
-0.0874979
-0.175245
1.23078
0.0198487
-0.0153773
0.0984603
0.328023
1.08944
-0.00643358
0.0130801
0.0269248
0.0170111
-0.134625
-0.0231912
0.059909
1.24054
0.1423
1.12041
0.117101
0.275516
0.39512
-0.0082395
1.266
0.000349734
-0.188156
0.00292151
-0.13291
1.17527
0.0117769
0.108252
0.26685
0.0210239
-0.216582
0.0044402
-0.218336
-0.132907
-0.315291
1.14169
-0.00963107
-0.150625
-0.0754723
-0.394676
1.17346
-0.0636189
-0.21569
0.0579441
-0.195957
1.19106
-0.00365652
0.012837
0.132853
0.437924
-0.0970201
-0.00513346
-0.00264832
-0.616077
-0.447971
0.465756
-0.0642245
-0.263805
-0.00655154
-0.103463
1.2306
0.00469676
-0.0124594
0.0449483
0.298292
0.989252
-0.0273561
-0.111041
-0.51161
0.129403
1.31489
-0.00894384
-0.052772
-0.0375678
-0.193659
1.20751
-0.0128569
0.0567876
-0.0436043
-0.124528
1.19935
0.0164632
0.161527
0.142102
0.00663839
-0.181554
0.00558618
-0.00634163
0.0280186
0.326083
1.10615
-0.0226051
-0.0115025
0.133135
0.319502
0.985983
0.00722409
0.00241013
0.830552
0.570967
-0.594767
-0.00744945
0.215344
0.0382399
0.0229625
-0.211322
0.0257865
0.100437
0.17475
-0.165739
1.16988
-0.0384166
-0.015605
0.104567
-0.165238
1.22381
-0.0507184
-0.0512108
0.0860682
-0.118056
1.18671
-0.0180604
-0.00234213
0.140198
-0.0919641
1.17415
-0.02222
-0.209325
-0.0364911
-0.130682
1.19975
0.190885
0.269902
0.554071
0.0124417
1.27584
0.0168969
-0.180311
-0.0596986
-0.188553
1.17822
-0.0494486
-0.0117581
0.0477412
-0.189168
1.17677
0.00666828
0.167148
1.34608
0.107245
1.19142
-0.0713303
0.0594783
0.0270965
-0.269747
1.1738
0.0113001
0.0314458
0.340919
0.21789
-0.678697
-0.0142076
0.00180263
0.0322956
0.0282322
-0.163767
-0.017253
0.074642
0.117329
-0.118079
1.10151
-0.0125306
-0.248075
-0.0116588
-0.174946
1.21372
-0.0508271
0.173632
0.55193
0.0277471
1.17322
0.00406764
0.0294358
0.325457
0.251827
-0.757607
0.00974449
-0.0560502
0.059571
-0.122845
1.1757
0.00143546
0.0254242
0.402943
0.28234
-0.851987
0.00182038
0.0339834
0.347452
0.227323
-0.701324
-0.0447766
0.0925649
-0.0735065
-0.161122
1.16528
-0.0493117
0.00983318
0.0273992
-0.13338
1.25422
-0.0508016
-0.048412
-0.0366568
-0.246969
1.22986
0.176798
0.132191
0.10755
-0.0463001
1.18707
-0.0737232
-0.17192
-0.074995
-0.159629
1.19605
0.00677933
0.0443304
0.368698
0.308761
-0.914289
-0.0380115
0.12642
-0.152006
-0.114058
1.16759
-0.106781
-0.0804958
0.0951256
-0.161953
1.23065
-0.0251916
0.236548
0.400922
0.190507
0.99273
0.177507
0.202154
0.316337
-0.0833713
1.18316
0.970339
0.245368
1.08282
0.660742
0.64239
0.937539
1.18706
1.31881
1.1085
1.11892
0.67755
0.979775
1.25661
1.0315
1.24271
-0.0964579
0.824667
0.704314
0.62027
0.725656
0.85316
0.608893
0.821231
1.43973
0.608176
0.756094
0.837071
0.684628
0.755564
0.85665
0.0540535
0.756175
1.11945
0.932375
0.935626
1.13305
1.13901
0.742805
1.04819
0.206721
1.15775
0.956489
0.696728
1.0766
0.754432
1.00889
0.739256
0.032371
0.372114
0.673695
1.08465
-0.0351184
1.19391
1.00751
0.768191
0.125223
0.611167
0.559361
0.627119
0.340988
-0.453743
0.769155
0.96182
1.04328
0.675948
0.774501
-0.113737
1.37722
1.26197
0.303138
-0.122791
0.764696
0.741246
0.748919
0.756449
0.752436
1.1511
0.683975
0.639943
1.10669
0.593091
0.661653
-0.0208292
0.61893
0.681741
0.846445
0.814817
0.796289
0.749167
0.644199
0.665003
0.755754
0.630144
0.87567
0.656643
0.571162
0.707968
0.724177
0.838327
0.853539
0.767352
