4
1
1
100
0.0552613
-0.102047
0.0968424
0.247382
1.14978
7.65424e-05
-1.21653
-0.114171
0.00255333
-0.396818
-0.00827171
0.0183951
0.247553
0.237175
-0.698558
0.0123162
0.386902
-0.122792
-0.320026
1.20356
0.0233202
0.470622
-0.233715
-0.307629
1.20292
0.0101693
0.0476886
0.172868
0.25452
1.09999
0.0462177
0.0221001
-0.222273
0.287129
1.2069
-0.0693098
0.0149096
0.00714313
0.304889
1.14364
-0.0226482
0.0465596
0.0108812
0.213055
0.792682
0.112108
-0.48292
0.376443
-0.148543
1.41001
-0.0373428
0.273144
-0.180517
-0.202209
1.29388
0.0238926
-0.00612993
-0.14014
0.227077
1.15415
-0.0289084
-0.0625357
-0.169659
0.271505
1.12447
0.0192938
0.319105
0.212822
0.185569
-0.715938
0.0935447
-0.0419816
0.340903
0.211682
1.14211
-0.0048591
0.00505451
0.104545
0.0115324
-0.129089
0.0507079
0.325631
-0.197259
-0.141213
1.16482
-0.0163135
-0.0302799
-0.0454969
0.193802
0.70564
0.0160183
0.426701
-0.0651643
-0.307288
1.25416
-0.0260744
0.324054
-0.18753
-0.156384
1.20853
-0.000815962
0.0141357
0.0795163
0.453541
0.773486
-0.0215898
0.238935
-0.0122724
-0.181482
1.16182
0.0162217
0.407724
-0.0319258
-0.170716
1.20908
0.0604994
-0.123324
1.65419
-0.0312473
1.34126
-0.0229781
0.394259
-0.190153
-0.30008
1.2716
-0.0317348
0.545071
-0.103954
-0.150394
1.27579
0.0585416
0.338476
-0.0805038
-0.154989
1.15577
-0.0360891
0.380135
-0.211781
-0.153122
1.23499
0.0280039
0.306003
-0.066678
-0.182716
1.20674
0.00630551
0.0531995
0.435103
0.248175
-0.813336
0.0343939
0.0610693
0.273207
0.206697
-0.655544
-0.0993025
0.14465
-0.104768
-0.174608
1.24654
-0.0236222
-0.0320438
-0.546157
0.0445361
1.41858
-0.0409793
0.519573
-0.212581
-0.124174
1.24417
-0.0535039
-0.179245
-0.29264
0.322727
1.20902
-0.0481099
0.0263114
1.19733
-0.00446179
1.29812
0.0321847
0.0186688
0.00287212
0.243473
1.14344
0.0226926
0.459103
-0.151176
-0.151257
1.23658
-0.0912287
-0.0231433
-0.260495
0.310949
1.1891
-0.0262345
-0.0550178
-0.0238665
0.255643
0.864895
-0.00579555
0.0761487
0.256355
0.269257
1.12411
-0.0619599
0.481151
-0.280365
-0.136543
1.27237
0.0340173
0.478398
-0.017313
-0.17311
1.24573
-0.0191349
0.0209284
-0.209655
0.340793
1.17736
-0.0665788
-0.181829
0.668122
-0.0462587
1.21737
0.0072237
0.0428635
0.405222
0.254717
-0.797923
0.070209
0.360832
-0.218996
-0.146719
1.18812
0.0090903
-0.609212
0.000665206
0.0257377
-0.391416
-0.0015094
0.0474478
0.260347
0.296189
-0.373623
-0.0212072
0.279857
-0.221845
-0.195687
1.2843
-0.0300737
-0.107625
0.0718132
0.275481
1.11571
0.0396873
-0.145611
0.110588
-0.0054812
-0.19107
0.11472
0.23259
0.874474
0.068976
1.22656
0.124276
0.438582
-0.134562
-0.106238
1.20581
0.00811416
0.310255
-0.128341
-0.175869
1.21453
0.00753791
-0.253678
-0.0318029
0.171345
0.652045
-0.0189909
0.195513
-0.24014
-0.341785
1.20132
-0.0205245
0.225163
-0.175068
-0.409254
1.2563
-0.0654595
0.178399
-0.118117
-0.309103
1.2042
0.000633129
0.491683
0.0637755
0.263066
0.287204
0.023003
0.343088
0.210469
0.193331
-0.682037
0.00184022
-0.583697
0.20646
-0.213292
1.46872
-0.0757019
-0.170502
0.135173
0.255073
1.03847
0.0307935
-0.0513823
0.0481886
0.310907
1.07784
0.010058
0.376867
-0.155727
-0.188949
1.26864
0.00333302
0.535828
-0.165182
-0.131601
1.23707
0.0453151
-0.0863933
0.221925
0.0181483
-0.207442
0.00574075
-0.028949
-0.0599236
0.264785
1.10121
0.13985
-0.00931072
0.54827
0.24949
1.14825
-0.0191576
0.135437
0.31801
0.164251
-0.644841
-0.0294279
0.00195862
0.0311429
0.22494
0.866902
0.0167073
0.518376
0.0352929
-0.294483
1.15179
-0.0185932
0.472716
-0.0267136
-0.174416
1.26857
-0.0466447
0.281692
-0.100744
-0.188806
1.23759
-0.0698665
-0.421508
0.530044
-0.143728
1.32559
-0.0167823
0.29847
-0.172769
-0.176206
1.23719
0.168031
0.483235
-0.13717
-0.0617285
1.17115
0.0286857
0.290915
-0.212339
-0.290543
1.17658
-0.0255632
0.289797
-0.107603
-0.192834
1.24524
-0.116398
0.411437
0.84367
0.0556792
1.27389
-0.012834
0.40861
-0.114199
-0.314386
1.20669
0.0101689
0.337439
0.0977259
0.162056
-0.65471
0.00107905
1.23082
0.124473
0.00401426
-0.341556
-0.0336231
0.0735304
-0.100942
-0.198303
1.15679
-0.00714605
0.210224
-0.148678
-0.210664
1.26222
-0.0391049
-0.153128
-0.499944
0.0247767
1.35044
0.00735875
-0.0917883
-0.0558014
0.266027
0.906249
0.0146303
0.434629
-0.0695067
-0.156401
1.20929
0.00192447
0.0874588
0.356567
0.229408
-0.756389
0.0499514
0.337702
-0.0155915
0.114066
-0.443009
-0.0208404
0.369435
-0.225003
-0.154437
1.22894
-0.0455475
0.506
-0.11843
-0.158519
1.2832
-0.0170141
0.404691
-0.169334
-0.244453
1.2892
0.0101205
0.519035
-0.120666
-0.126527
1.20174
-0.0616731
0.228069
-0.227852
-0.197809
1.24837
-0.0275217
-0.0376875
0.409322
0.2941
-0.94264
-0.027083
0.394664
-0.311494
-0.130441
1.2108
-0.07228
0.424234
-0.0446386
-0.182332
1.2754
0.0358163
0.280594
0.168438
0.0815099
-0.442286
0.0222231
0.578782
0.0919029
-0.149408
1.19666
1.11521
-0.876725
0.297346
0.634124
0.593148
1.14176
1.20527
1.47
0.795532
1.12733
0.683857
0.943191
1.1739
0.596778
1.21927
-0.0681993
0.808819
0.63003
0.592512
0.713524
1.24748
0.59905
0.792893
1.28888
0.591845
0.716473
0.814808
0.66501
0.746665
0.998702
0.547606
0.78166
1.14079
0.749557
0.929765
1.03152
1.00862
0.70782
1.00599
0.700879
1.09279
0.729548
0.661643
1.05375
0.740958
1.07409
0.718621
-1.14872
0.252624
0.676486
1.07124
-0.0936837
1.09842
0.832541
0.761029
0.447993
0.624367
0.573731
0.644352
0.263361
0.951295
0.987957
0.836259
1.03662
0.654761
0.728923
-0.10381
1.1645
1.2767
-0.00750545
0.858619
0.702633
0.710458
0.735447
0.900151
0.752157
0.883501
0.679403
0.6347
1.07042
0.568717
0.234259
0.710487
0.646359
0.696068
0.967468
0.912337
0.764011
0.690148
0.377651
0.645651
0.720095
0.609939
0.788283
0.666025
0.350481
0.682065
0.705491
0.329098
0.773155
0.765936
