4
1
1
100
0.022444
0.149939
0.420246
0.0598144
-0.398888
0.0118743
0.0248022
0.288438
0.205051
-0.626799
0.0582987
0.102197
0.792178
0.170799
-0.828545
0.408711
0.1667
-0.0324682
-0.32358
1.14552
0.350984
0.259639
-0.21633
-0.249783
1.21792
-0.178924
0.0430541
0.443228
0.229457
1.10574
0.033988
0.00722389
-0.203509
0.36265
1.15557
0.234854
0.0395825
0.0455062
0.403123
1.08293
-0.259797
-0.0464631
0.0155017
0.346754
0.968289
-0.0195986
-0.213283
0.508846
-0.184249
1.50042
0.358575
0.00846475
-0.163218
-0.193049
1.33959
-0.145982
0.00924341
0.233291
0.0766427
-0.435925
0.382212
0.0298832
0.0424118
0.291487
1.15134
-0.0355786
0.0989126
0.137142
0.245642
1.16372
0.141644
0.00861999
-0.123879
0.156599
1.24111
0.00203941
0.0122463
0.114175
0.0362384
-0.144373
0.447279
0.0512936
-0.138632
-0.0966989
1.16831
-0.209891
0.0339197
0.0682567
0.0180812
-0.262405
0.33038
0.181805
-0.0210076
-0.329536
1.27202
0.219333
0.011985
-0.13144
-0.233899
1.33654
0.660753
0.0114329
0.1277
0.121441
-0.722749
0.0414274
0.00935868
0.082499
-0.30283
1.26825
0.371955
-0.219642
-0.0423877
-0.16584
1.31833
0.134823
-0.0483472
0.741317
0.036843
1.33368
0.339749
0.111213
-0.121587
-0.270638
1.34886
0.40364
0.2243
-0.0947219
-0.169184
1.29349
0.45731
0.0675462
-0.020626
-0.106471
1.15389
0.243358
0.104894
-0.16968
-0.213588
1.35871
0.402719
0.0402281
-0.0239985
-0.14484
1.21208
-0.0746497
-0.086963
-0.232635
0.331121
1.18152
1.26947
0.137095
0.00655186
-0.000673951
0.374184
-0.36757
-0.0825733
0.11718
-0.314759
1.59983
3.14218e-05
0.0687105
-0.151132
0.268364
1.23381
0.427145
0.21117
-0.147689
-0.134146
1.24519
-0.0966753
-0.119967
-0.107968
0.356125
1.22889
-0.0683828
-0.050249
0.584393
0.0421713
1.33181
-0.00309512
0.0282433
0.271754
0.359253
1.04771
0.392459
0.163205
-0.113983
-0.148974
1.23641
-0.0819341
-0.00707083
-0.265435
0.348355
1.19977
-0.817374
-0.025006
0.0479606
0.0297559
-0.526035
-0.302876
0.0419767
0.347352
0.0824831
1.33559
-0.106707
0.0965502
-0.505615
-0.196396
1.60499
0.363165
0.195722
0.0202884
-0.176333
1.23297
-0.1098
0.00106401
-0.019391
0.404918
1.17365
-0.125405
-0.0150525
0.392609
-0.264167
1.41477
0.0194093
0.0313276
0.285425
0.148837
-0.506003
0.390071
0.0920515
-0.157175
-0.107267
1.17648
-0.0693901
0.029567
0.153674
0.0138041
-0.184451
0.0105584
0.0229707
0.334471
0.202749
-0.634974
0.350999
0.0140775
-0.196841
-0.179616
1.32246
-0.753432
-0.0584292
-0.00188728
0.0397335
-0.509002
1.04603
0.115514
0.00458522
0.00150844
-0.293587
0.0281239
0.0632821
-0.0612362
0.293905
1.116
-0.0341244
0.0466654
-0.317086
-0.202511
1.5957
0.410601
0.036782
-0.0889026
-0.142961
1.2278
-0.503931
-0.0266493
0.0966646
0.078166
-0.580142
0.346328
-0.0609383
-0.191128
-0.305547
1.21109
0.321546
-0.0404023
-0.153983
-0.388332
1.27576
0.284486
-0.0516298
-0.0681247
-0.394805
1.28387
0.0461068
0.000524286
0.307116
0.265547
-0.919655
0.656271
-0.0192789
0.101968
0.0742016
-0.551408
0.241686
-0.252229
-0.0250757
-0.213729
1.43843
-0.18837
-0.141955
0.140468
0.173162
1.18532
-0.0965952
-0.0358815
0.0885173
0.277468
1.14043
0.342532
0.104205
-0.122764
-0.17083
1.2891
0.41305
0.22294
-0.141916
-0.141214
1.23851
-0.202204
0.154184
0.027923
0.0509013
-0.300031
0.233426
0.0164832
0.0179254
0.301603
1.08981
0.175401
-0.0707248
0.494619
0.21823
1.19771
0.812706
0.013848
0.240182
0.112499
-0.722729
-0.259231
0.0299283
0.17383
0.0388728
-0.352176
0.417946
0.247098
0.114806
-0.165231
1.19077
0.395088
0.150721
-0.00886519
-0.180748
1.2789
0.252226
-0.0880304
-0.0315284
-0.233003
1.35216
-0.284079
-0.11221
0.0406023
-0.122528
1.40888
0.404128
0.019249
-0.138581
-0.148622
1.25421
0.0811484
0.299745
0.00405986
0.101562
1.27678
0.35684
0.000803716
-0.134393
-0.161959
1.25363
0.265893
0.0689691
-0.0679872
-0.369906
1.2867
0.867227
0.0261933
0.0496461
0.103732
-0.654463
0.24401
0.144868
-0.0371078
-0.387048
1.32221
0.783639
-0.00589024
0.103579
0.0701137
-0.543943
-0.0188413
0.0368393
0.0773767
0.0272995
-0.14071
0.015572
-0.161019
0.0291703
-0.251319
1.28932
0.377847
-0.0547584
-0.119798
-0.205621
1.273
-0.0744507
-0.0367213
-0.0373796
0.255826
1.00607
0.0351783
-0.0109559
0.13971
0.125484
-0.397505
0.426564
0.114816
-0.0286275
-0.139676
1.20981
-0.182537
0.0632821
0.274791
0.221037
-0.837352
-0.023929
0.0516646
0.225027
0.115166
-0.408257
0.218447
0.100754
-0.182457
-0.228957
1.35566
0.406255
0.189598
-0.106658
-0.177554
1.30889
0.317326
0.102332
-0.109236
-0.206874
1.35739
0.446294
0.192622
-0.0806444
-0.114372
1.19946
0.308448
-0.0244351
-0.183735
-0.286705
1.31837
0.0275789
0.0243366
0.471501
0.285686
-0.895943
0.217759
0.0898735
-0.261991
-0.20058
1.3546
0.360023
0.117821
0.0169966
-0.208984
1.32353
-0.0471133
-0.00173161
0.00102177
0.539048
0.55001
0.439854
0.250291
0.140584
-0.12758
1.18937
0.40039
0.818034
0.71928
0.556749
0.547479
1.18547
1.30474
1.47777
1.06668
1.184
0.648919
0.471084
1.38056
1.13764
1.24491
-0.0571727
0.776487
-0.254009
0.547995
0.728428
0.759819
0.607988
0.880305
1.13399
0.549699
0.710913
0.77585
0.645097
0.703259
0.918832
0.71072
1.0858
1.21416
0.765244
0.934527
0.925871
1.41928
0.674847
1.06552
0.98373
1.18038
1.36599
0.614148
1.09915
0.884515
0.283038
0.6582
-0.0909593
0.736074
0.641786
0.826499
-0.670542
1.23087
1.38953
0.732531
0.625692
0.554504
0.506954
0.590522
0.894305
0.587515
0.933954
1.04064
1.2185
0.617715
0.714445
-0.307077
1.25727
1.31352
0.442899
-0.353135
0.682477
0.69132
0.760293
0.978193
0.735251
1.14173
0.636769
0.591257
0.446028
0.539591
0.547965
-0.0751183
0.66492
0.647939
0.800772
0.396877
0.742543
0.668795
0.300319
0.6272
0.714459
0.580046
0.792516
0.613798
0.973814
0.689069
0.686886
0.869837
0.762628
0.715454
