2
50
-0.822
-0.1238
-0.6886
0.062
-0.8728
0.704
-0.9004
0.601
0.7026
0.2778
-0.9872
-0.612
0.067
0.4466
-0.725
0.5614
-0.29
0.3418
0.2282
0.1406
-0.9184
-0.3328
-0.776
0.3592
-0.3722
-0.848
0.0146
-0.8794
0.2828
-0.2166
0.5968
-0.8638
0.7752
-0.9908
-0.4122
-0.5534
0.2352
-0.8948
-0.3434
-0.1674
-0.5214
-0.0334
-0.789
0.5364
-0.4832
-0.8682
0.5138
0.764
0.4768
-0.782
0.7724
0.307
0.4586
0.954
0.2194
0.6922
-0.6474
-0.2584
0.6506
0.6244
0.1788
-0.806
-0.2934
0.2626
0.8192
0.8306
0.096
-0.0698
0.2116
-0.3176
-0.3858
0.4504
-0.7664
0.2964
-0.6252
-0.5508
0.5428
0.8356
-0.1794
-0.7
0.4726
-0.2554
-0.7406
0.9576
-0.6128
-0.3338
-0.692
-0.2272
0.264
0.837
-0.2078
0.208
-0.185
-0.7418
-0.4902
-0.6414
-0.666
-0.8712
0.7934
0.7074
