3
3
3
53
4
300
1
0
0
20
0
1
0
20
0
0
1
20
-0.533505
-1.07046
0.179761
0.318315
-0.724104
-0.403497
0.767985
-1.0814
-0.475821
-0.445481
-0.0687978
0.356642
-0.675869
0.385449
-0.728497
-0.575893
0.795301
-0.821551
0.722934
-0.779475
0.0574703
0.0357436
0.658417
0.734468
-1.13897
-0.775965
-0.0798655
0.569707
0.960778
0.92912
-0.342341
-0.257147
-0.0393179
-0.305792
0.717265
0.336006
-0.604141
0.191289
-0.742022
0.520111
0.39344
-0.821564
-0.766647
-0.200821
0.290158
-1.05923
-0.772998
-0.660119
0.243122
0.934885
0.0929844
0.811836
-0.0241238
-0.790288
0.0508329
-0.827377
-0.387344
0.252295
0.943148
0.715921
0.435252
0.261097
-0.767041
0.667664
-0.739988
-0.799288
-0.0789625
0.599624
-0.661963
0.777874
-0.219225
0.655654
0.376832
-0.470594
-0.419732
-0.875736
-0.520388
-0.482356
-0.368376
-0.711832
0.959362
-0.495423
0.919871
0.801068
0.841539
0.198025
-0.801859
1.15638
0.708514
0.500865
0.591448
0.970018
-0.313988
-0.946666
0.727528
-0.0659859
-0.288961
-0.152087
0.419553
0.149537
0.665543
-0.45207
0.0389934
-0.391548
0.65789
-0.20622
-0.0580121
0.883573
0.510282
0.625354
0.0854671
-0.33812
0.283351
-0.425495
0.676714
-0.040693
0.763475
-0.0846995
0.276625
-0.916109
-0.426224
0.654466
-0.590595
0.425043
-0.329808
0.428044
0.168463
-1.10068
0.695039
0.387988
0.209997
-0.878008
-0.0348681
-0.208508
-0.699829
0.819593
0.429492
-0.0496275
-0.779798
-1.13913
0.172774
-0.429616
0.741044
-0.81355
-0.243026
0.540427
0.6916
0.36012
-0.262574
0.414684
-0.996751
1.05117
-0.0225858
-0.466975
0.675354
-0.0245234
0.987055
-0.164808
-0.882379
0.163038
-0.64134
0.593633
0.741497
-0.611378
0.786101
-0.597506
-0.810433
0.692436
0.825234
0.674388
0.135426
-0.560452
0.867642
-0.329029
-0.82125
0.548124
0.269615
-0.395133
-0.489041
1.07331
-0.127488
0.897586
-0.881851
0.616109
0.0808313
-0.81356
-0.138864
-0.444082
0.183787
-0.923206
0.637355
-0.596473
0.905569
-0.966348
0.759072
0.0619718
0.737021
0.17869
-0.855018
-1.05978
1
0
0
0
0
0
0
0
0
0
0
0
0
0
0
0
0
0
0
0
0
0
0
0
0
0
0
0
0
0
0
0
0
0
0
0
0
0
0
0
0
0
0
0
0
0
0
0
0
0
0
0
0
0
0
1
0
0
0
0
0
0
0
0
0
0
0
0
0
0
0
0
0
0
0
0
0
0
0
0
0
0
0
0
0
0
0
0
0
0
0
0
0
0
0
0
0
0
0
0
0
0
0
0
0
0
0
0
0
0
1
0
0
0
0
0
0
0
0
0
0
0
0
0
0
0
0
0
0
0
0
0
0
0
0
0
0
0
0
0
0
0
0
0
0
0
0
0
0
0
0
0
0
0
0
0
0
0
0
0
0
0
0
0
0
0.175183
-1.32183
0.40518
-0.968589
-0.695208
0.550746
0.260004
-0.207236
0.156687
0.0961759
-0.173031
-0.38707
0.739818
-0.827377
0.64412
0.326666
0.385443
0.606948
-1.20546
-1.03974
0.636459
1.00685
0.839326
-0.348308
-0.105794
-0.161696
0.792553
-0.311061
-0.21278
-0.948599
0.429834
-1.07664
-0.636879
0.875089
-0.870876
-0.757928
0.188372
1.03169
0.242535
0.244543
-0.883698
0.268451
-0.464412
0.498525
1.06969
0.388694
-0.183925
-0.551905
0.0276319
-0.575851
0.143673
0.163195
0.255461
0.535008
0.00894586
-19.713
-0.0279764
0.189811
0.0867084
0.0330981
-5.75833
0.0557623
0.360787
0.0738971
-0.0128401
-6.65222
0.0122148
0.176323
0.349124
-0.00189413
-11.0493
-0.123268
0.0359208
0.183692
-0.00285431
-2.14603
0.165168
-0.546022
-0.461094
-0.249533
22.6123
0.289151
0.0312192
-0.245114
-0.0248009
1.03348
0.19099
-0.0171205
-0.357089
-0.0378126
6.32111
0.0909561
0.0417577
-0.161524
0.116552
2.33875
0.204999
-0.235864
-0.146494
-0.174265
7.82165
-0.155028
0.197878
0.161444
0.000520723
-4.32201
-0.621737
-0.116018
0.629203
0.231704
0.061344
0.201497
0.00132731
-0.360081
0.0115567
5.11505
0.267996
0.0792518
-0.345839
-0.0838852
2.93798
0.172892
0.316172
0.0479326
-0.0970155
-8.17255
-0.0416934
0.0653237
0.0890188
0.0102823
-2.53213
0.0164892
0.262921
0.147545
0.00812105
-8.93144
0.0485559
0.085431
-0.133081
0.00414602
-0.504652
-0.314423
0.118038
0.27722
-0.0069212
-1.94769
-0.313361
0.195494
0.0450809
-0.000334104
1.14826
0.281952
0.0428119
-0.285345
-0.00749589
1.44853
0.018639
0.035612
0.156944
0.00658878
-4.43257
0.126128
0.213697
0.014308
-0.0483335
-4.7031
0.193265
0.0603009
-0.137876
0.0234046
-0.246614
-0.225086
0.0504495
0.125681
0.00376822
0.70964
0.0671991
0.830096
0.208255
-0.125766
-18.4976
-0.0354854
0.106397
0.249346
-0.000811811
-6.62233
-0.278732
0.327854
-0.102507
0.00592292
0.63372
0.12012
0.0766262
0.232597
-0.0101699
-8.76046
0.262113
0.140664
-0.100529
0.029489
-4.04941
0.00962341
0.35798
0.149292
0.0216075
-10.9361
0.13999
0.272003
-0.723257
-0.196846
10.3776
0.258391
0.11191
-0.138464
0.0171924
-2.60674
-0.086177
0.177381
0.300717
-0.000810457
-8.13084
0.215273
0.157839
-0.121574
0.0331972
-2.94409
0.299351
-0.0341275
0.511444
-0.0437567
-11.9269
0.253279
0.148661
-0.462765
-0.0734627
4.3744
-0.128122
0.0640598
0.195901
0.00204526
-2.88769
-0.0764673
0.0190622
-0.265312
0.12334
7.76866
0.0213891
0.0275083
0.160813
0.0122311
-4.50959
0.214196
0.154944
-0.442608
-0.00275363
3.68223
-0.383151
0.0970889
0.560726
0.0109488
-6.17475
-0.0227794
0.180373
0.143167
0.00171125
-6.19198
-0.0802227
0.0402245
0.451567
-0.00255387
-8.50217
0.254688
0.109427
-1.45745
-0.20077
25.7822
-0.0647435
0.184709
0.924269
0.000175417
-21.3692
-0.0367823
0.144278
0.0513719
-0.00871128
-3.33402
0.0326479
0.026465
-0.266974
0.0272602
3.39689
0.180508
0.215489
0.779668
0.00330178
-24.0703
-0.0216251
0.106986
0.142911
-0.000321272
-4.67739
0.00793163
0.130067
0.0167663
0.0104298
-3.44846
0.00159688
0.22602
-0.0466469
0.017042
-4.11787
0.205739
0.151157
-0.241825
0.033996
-0.23077
-1.3742
-0.0878686
1.05226
-0.00745851
8.32277
-0.0120488
0.223057
0.113593
-0.00210106
-6.66538
-0.214631
-0.0495249
0.0889574
0.0194857
2.95523
-0.106533
0.0857877
0.0336261
0.00303624
-0.45186
0.941177
-0.000666335
-1.23997
-0.0613411
5.33135
0.0822503
0.509798
-0.582486
-0.00326398
-0.780288
-0.269961
0.0503076
1.78741
-0.0433865
-30.8784
-0.00846317
0.208787
0.436708
0.0129835
-13.2495
-0.00350904
0.0802339
0.620182
0.0080619
-14.475
0.536313
0.0561748
0.118316
0.0056152
-14.666
0.113761
0.0963688
-0.529678
-0.122577
9.84315
-0.130839
0.016557
0.286657
-0.00472814
-3.66943
-0.00412738
0.113072
0.398528
-0.00149077
-10.3732
1.30428
0.277594
0.234495
-0.00615106
-37.0618
0.242568
0.0753878
-0.195537
-0.0222787
-0.231909
0.228945
0.00695468
-0.118899
0.00935768
-0.35622
0.275564
0.234681
0.048123
0.00154935
-9.15728
0.0257817
0.00247785
-0.125138
0.0601122
3.46415
-0.254362
0.0426847
0.34766
-0.0101767
-3.02379
0.00201161
0.112938
1.26973
0.00583426
-28.3829
-0.289144
0.347661
0.0354365
-0.000818866
-2.19897
0.193609
0.164034
-1.62602
-0.290272
30.6972
0.0449485
0.151692
0.13135
0.00109097
-6.74062
0.131968
0.172487
-0.064657
-0.165505
-1.14764
-0.214397
0.195059
0.1221
-0.0043161
-2.29899
-0.0515413
0.0704619
0.118143
0.00316226
-2.92876
0.0016687
0.363714
1.06602
-0.111817
-25.2873
-0.031754
0.219714
0.202308
-0.0013455
-7.99838
0.147556
0.277299
-0.249934
0.0709052
-1.39596
0.0847797
0.0536458
0.106921
-0.407338
2.71956
0.0190484
0.0863095
0.32998
0.0044004
-8.98679
-0.0720687
0.107679
0.140649
0.0179624
-3.9859
0.0497804
0.178316
0.02583
0.000198336
-5.19367
0.186437
0.0588969
0.681184
-0.0348317
-15.3032
-0.250084
0.085944
0.290207
0.00348476
-2.87775
0.48232
0.251966
0.375476
0.00329521
-22.7193
-0.0841445
0.281656
0.0425931
-0.00841762
-5.0717
-0.119686
0.15119
0.0947855
-0.000868647
-2.68689
0.0240985
0.687696
-0.289128
-0.0529292
-6.13579
-0.339
0.0813773
0.0890812
0.0118605
2.91226
-0.0100136
0.201688
0.270861
-0.000910948
-9.45171
0.035856
0.063989
0.212312
-0.00176591
-6.41454
0.0586439
0.0173407
-0.221738
0.124742
4.64092
-0.405056
0.140456
0.363215
-0.00705619
-2.40043
-0.0107765
0.216536
0.143914
0.00313483
-7.20682
-0.178909
0.182222
0.114058
0.0013029
-2.58998
-0.0385363
0.0606849
0.241594
0.00405086
-5.55226
0.458387
0.0143196
0.129582
0.065722
-13.5436
0.0719695
0.04283
0.033436
-0.002164
-3.11102
0.265763
0.993071
-0.332205
-0.170612
-13.485
-0.224422
0.664208
-0.01341
0.00515583
-9.01517
-1.02689
0.0348052
1.17399
0.00445114
-4.74652
0.400582
0.879109
-0.0489319
0.0996667
-23.5361
0.295312
1.09552
0.061099
0.0664354
-27.9779
-0.411981
-0.22411
0.311254
0.27623
5.75133
0.0849043
0.906729
-0.455424
-0.186609
-5.51546
0.307805
1.19777
0.259342
-0.0166476
-35.9356
-0.203386
0.608351
0.0617706
0.0136697
-10.0579
-2.33496
-0.356893
4.04718
0.222708
-28.199
-0.495321
0.0917101
1.16289
0.246715
-16.6761
0.362967
0.524053
0.806849
-0.00179441
-34.5987
1.61254
-0.0332538
0.847063
0.0930204
-49.5338
-2.16606
-0.586787
0.910276
-0.720133
43.5393
-0.0666118
0.591762
0.218334
-0.00704457
-15.2651
-1.74737
-0.028088
-0.00707288
-0.956603
45.9002
-0.186072
0.547052
-0.0906288
-0.000583163
-5.82399
0.0148351
0.99513
0.0751192
-0.000514019
-22.1545
-0.299886
0.59543
0.666613
0.00314785
-19.9966
-1.9476
-0.419668
2.67289
0.0960966
-7.99978
-0.418672
-0.116753
0.0895837
0.272671
8.98308
-0.0773399
0.736393
0.349103
0.108454
-18.9634
-0.319015
0.350174
0.140222
-0.00836812
-3.81438
0.195928
0.0113804
-2.19977
-0.383852
46.3923
-0.740142
0.102451
0.551634
0.00759725
0.947305
-0.196512
0.744976
0.0685194
-0.000177147
-12.8116
-0.10961
0.188552
0.175625
0.0041693
-5.4502
-0.22943
0.251216
0.19582
0.161187
-3.42012
-0.163986
0.228722
0.18961
-0.000557289
-5.34272
-0.49123
1.58404
-0.0514968
-0.0590926
-20.8505
-0.599244
-0.0508666
0.192409
0.18856
9.60119
-1.1425
-0.276516
1.66173
0.249031
-7.73622
-0.71442
-0.240788
0.267197
0.369782
12.7072
1.22703
0.052747
-0.128443
-0.586369
-15.3967
-0.325392
-0.0742531
0.181705
0.275102
4.01715
-0.0915729
0.597285
0.209459
-0.00706479
-14.7452
-0.213535
-0.131728
0.302353
0.294343
0.71749
0.0504566
0.0472323
0.0729879
0.00221197
-3.56883
-0.70966
-0.125302
0.446503
0.381438
6.06124
-1.06516
0.0326047
0.0680612
0.0211805
18.3057
-0.626828
0.4929
0.149991
0.00352052
-0.979147
-2.4863
-0.325636
3.64953
0.174262
-15.9357
0.402587
0.0934403
-2.20989
-0.28634
39.3609
0.55809
0.604648
-0.264672
-0.324183
-11.7939
0.0492901
0.929819
-0.8672
0.00674435
-3.23563
-1.87964
-0.0269902
-1.48936
-0.0679832
67.6899
-2.28199
-0.448774
3.6608
0.181897
-18.72
-0.195417
0.560967
0.0724057
-0.0115106
-9.21376
0.251521
0.115174
0.060127
0.00504322
-8.89372
0.153839
0.188587
0.102449
0.0144634
-9.35936
0.306518
0.417819
0.20573
0.00386202
-19.0756
0.268354
1.64294
-0.324353
0.262756
-35.0811
-0.424605
0.549754
0.213146
0.00375252
-7.43189
0.0510196
0.00689367
0.141549
0.00346143
-4.13492
0.643938
0.811773
-1.59076
-0.0201201
2.4702
1.11592
0.65983
-1.00332
-0.00840797
-16.7099
-0.0443528
0.74259
-0.560717
-0.00178419
-3.40886
-0.753972
-0.401108
0.506615
0.567192
8.86837
-2.74435
-0.549191
4.55634
0.218831
-27.0778
0.0377586
0.455882
0.260327
-0.00535131
-15.4759
0.0781855
0.0667377
0.0681546
-0.00179999
-4.35913
-0.405375
-0.172326
0.280209
0.267152
5.34894
-0.119425
0.653931
0.166427
0.00474771
-14.5439
-0.990098
0.335915
0.38791
0.00586251
4.41604
-0.45553
-0.190856
1.05107
1.35663
-21.5898
-1.31497
-0.291943
1.32812
0.0600214
4.12474
-0.282315
0.377709
0.366001
0.00459594
-9.76034
-0.534233
1.14201
0.636172
0.00101442
-23.769
0.300895
0.971404
-0.445356
-0.019982
-14.1191
-0.214588
0.542546
0.330577
0.00238973
-13.6706
-0.11241
0.648376
0.632518
-0.00648147
-24.0123
0.542058
0.189466
-1.8305
-0.24538
25.9122
-0.0631831
1.9427
-0.331286
-0.0820629
-30.5666
-0.187411
0.676902
0.434777
-0.00621041
-19.0632
-0.201712
1.07198
0.425407
0.00473735
-26.7095
-0.198704
0.698588
0.394953
-0.0043028
-18.444
-0.133391
0.98807
-0.480464
0.0116125
-8.43354
-0.159366
0.428966
-0.10209
0.109215
-1.18169
0.299804
0.704567
-0.562371
-0.0142423
-9.52787
0.135724
0.421693
-0.32559
0.0619687
-2.49161
0.245511
0.0973298
0.0957227
-0.451443
-0.81548
-0.108986
0.843633
0.60183
-0.00507439
-27.3896
-0.103241
0.572941
0.112452
0.0111618
-12.1721
-0.495307
0.330193
0.745949
-0.00469965
-12.4023
0.218701
0.107333
0.102294
-0.448575
-0.65859
-0.121226
0.64296
0.26715
-0.0156271
-16.2039
-2.35942
-0.607271
0.96633
1.29957
26.4499
-0.167254
0.357175
0.059966
-0.00274747
-5.28837
-2.03273
-0.432946
3.23418
0.138152
-17.1511
0.266298
1.85757
0.105838
0.00490909
-45.6025
-2.76929
-0.267281
-1.10032
-0.181101
83.5317
-0.0279366
0.526609
0.301653
-0.0102837
-16.4127
-0.246579
0.648354
0.259647
-0.000238738
-13.7374
0.101279
0.129572
0.101179
-0.437187
1.80706
-0.218613
1.05988
-0.19224
-0.000695814
-13.6294
0.0356102
0.650589
0.366567
0.00654609
-21.6786
-0.0194123
0.12739
0.403057
0.0130775
-10.7266
-0.115086
0.792829
0.730819
0.00858198
-29.0389
-0.0730296
0.164259
1.56045
-0.190319
-27.455
0.0201567
0.0153954
0.99785
0.000810016
-21.4123
-0.252664
0.0454405
0.207901
0.162305
1.54974
0.0737258
0.712504
0.66092
-0.00106518
-29.5294
0.0142607
0.289934
0.283889
-0.00131404
-12.0126
0.0235509
-0.0229684
0.0952109
0.181882
-1.40768
-0.0947932
-0.0889897
-0.0433501
0.157295
5.46488
0.100314
0.0356891
0.0334853
0.171595
-2.82842
0.0464172
0.00373328
-0.00927091
0.233722
-0.145151
0.142021
0.478835
0.794022
0.000869019
-28.9114
0.106109
0.0947968
0.354864
-0.00548369
-11.3558
-0.185167
-0.0979665
0.129834
0.146911
4.589
0.0279028
-0.0181278
0.0528271
0.146376
-0.661152
0.0618126
0.0770494
0.174959
0.144245
-5.61152
0.0259438
0.0436907
0.089243
0.138256
-2.35143
-0.14165
0.127248
0.133376
0.00737524
-2.71175
-0.0250219
0.188858
0.31844
-0.00248302
-9.88796
-0.044145
0.0507947
0.792169
-0.00849079
-16.4131
-0.00242188
0.0500361
0.176634
-0.0111285
-4.65445
0.0528112
0.11817
0.224797
-0.00033375
-8.13952
0.0488524
0.0506283
0.076948
0.188523
-3.15731
0.0112059
0.149254
0.499682
-0.00128436
-13.4671
-0.0427317
0.00549102
-0.616696
-0.208697
17.9605
0.0943797
-0.0600651
0.186018
0.165438
-3.75568
0.315998
0.307896
0.805242
-0.00602216
-29.1896
0.0093424
0.0768061
0.459235
-0.000839398
-11.1355
0.109232
0.16556
0.35614
0.00502057
-13.0166
-0.213289
0.306078
0.406034
0.00303831
-10.4394
0.0118865
0.146086
0.997327
-0.000176755
-23.6392
-0.016405
0.128738
0.742898
0.533229
-20.9077
0.0112159
0.255618
0.0999732
0.00413676
-7.55894
-0.448169
-0.312518
1.29611
0.0105486
-7.56286
0.0277107
0.0593262
0.0263668
0.284654
-2.82511
0.0242442
0.192387
0.852953
-0.0147695
-21.595
0.0304074
0.0172898
-0.0105227
0.187685
0.03207
-0.371823
-0.115635
0.496123
0.182091
1.19574
-0.0190653
0.0321173
0.0432914
0.177701
-0.542628
0.0141469
0.0400805
0.297426
0.00214813
-7.23027
-0.0105847
0.10692
0.309906
0.166288
-7.39687
-0.0648081
0.106685
0.762568
0.00296523
-16.6299
-0.637291
-0.0500786
0.503372
0.0756811
5.3649
0.046878
0.268072
-0.0476445
0.107992
-4.54852
-0.00441578
0.122552
0.302831
0.0109908
-8.82937
-0.065775
0.0913858
0.607568
0.000165074
-13.0068
-0.0548966
0.10662
0.332049
0.00181572
-7.95543
-0.000922429
0.0678756
0.624765
0.00229238
-14.1579
0.00809979
0.00730278
0.345863
0.0118566
-7.59494
0.102509
0.393362
-0.513408
0.0594541
-1.29389
0.00415023
0.0456032
0.272104
0.00198334
-6.62724
0.221032
0.00347811
0.238619
-0.000678706
-9.48635
-0.0189622
0.117145
0.0516951
0.137238
-2.22339
0.640398
0.208931
0.110316
-0.00147018
-19.6687
0.040417
0.0131007
0.217425
0.193539
-4.88636
-0.079386
0.10586
0.144212
-0.00136946
-3.59206
-0.0251687
0.147832
0.493299
0.00389148
-12.7511
-0.0206034
0.179258
0.98605
0.0236389
-23.8181
-0.00406515
0.0899022
0.411754
-0.00899021
-10.2082
0.0110488
0.0873891
0.249333
0.00680421
-7.242
-0.0667856
0.166344
0.309837
0.00276674
-8.49677
0.0328552
0.061704
0.790381
0.0099758
-18.2357
0.0141549
0.105005
0.557521
0.00666525
-13.9353
0.0631076
0.177053
0.437787
0.00205597
-13.8704
-0.0211499
0.0718573
0.648822
0.00326044
-14.3884
0.106562
0.0294388
-0.0130601
0.167954
-1.72806
0.45698
0.472668
0.533203
0.00302278
-29.9066
0.11188
0.630029
0.688779
0.00874663
-29.3823
0.00643046
0.124213
0.813931
-0.00331939
-19.2994
0.00817352
-0.0446012
0.0811744
0.167288
-0.355014
0.096088
0.199213
0.703778
-0.00833107
-20.4146
-0.00795628
-0.0156963
0.0448528
0.183567
0.0992956
0.0356029
0.168556
0.88149
0.00385067
-22.2918
0.0628502
-0.0138745
1.2395
-0.00369179
-26.3463
-0.271994
0.00446433
0.150077
0.00318408
2.0896
-0.371828
-0.0838341
0.736282
0.209371
-4.54282
-0.0630083
0.039762
0.308053
-0.0103261
-5.88223
-0.0667339
0.0505629
0.349905
-0.00131584
-6.87896
-0.0608808
0.132048
-0.0702032
0.115064
0.66174
-0.089565
0.0920057
0.332596
0.00917608
-7.16757
-0.0658042
0.0833046
0.419845
0.0117888
-9.23044
0.0311759
0.295003
1.95155
0.0444075
-47.2817
-0.033987
0.392274
0.714984
0.00492281
-22.0245
-0.196428
-0.0595482
0.00453351
0.137884
6.59695
0.0358151
0.0939307
0.63547
-0.00497442
-15.6622
-0.18275
0.4323
0.250066
0.00151233
-10.3939
-0.0121831
0.082687
0.411561
0.000710398
-9.86241
-0.0920342
-0.0364014
0.150862
0.192572
0.414342
-0.308462
-0.220787
0.603611
0.194528
-0.44425
-0.0328122
0.15517
0.432366
-0.00651993
-11.3571
0.0310497
0.147532
0.77511
0.0112129
-19.7695
-0.0686726
0.0854706
0.37749
0.000636141
-8.11956
-0.0373642
0.0356493
0.219229
-0.00454604
-4.48068
0.0188602
0.0776986
0.408108
0.0102282
-10.4892
-0.0700055
0.15374
0.569402
0.00859635
-13.6081
0.0457715
0.0442845
0.395166
-0.00740829
-9.99906
0.00925259
0.0452153
0.319186
-0.00287472
-7.62694
-0.164322
-0.233498
0.101672
0.182343
7.22144
-0.0226194
0.0943676
0.391483
0.00386374
-9.54112
0.00706039
0.0702547
0.529222
0.00163981
-12.4437
0.0102054
0.145549
0.294965
-0.000690698
-9.20931
0.0167328
0.00372232
0.624843
-0.00831161
-13.2255
0.317904
-0.0434781
2.01955
0.00215265
0.00462472
1.19668
0.558789
0.759347
2.79999
0.577707
0.0118535
0.0930806
0.659598
0.432482
0.0407067
-0.010261
-0.000884483
0.0244955
0.00201173
-0.00325087
0.773759
0.0181555
0.349643
1.05234
0.00466715
0.649994
-0.0170238
-0.00126377
-0.0463345
0.821067
0.0362201
0.158387
0.637861
0.0397326
0.995206
2.43507
0.844355
-0.031549
2.04716
-0.0112486
0.744959
-0.00552281
-0.0387278
-0.0310339
0.360561
0.023368
-0.00336551
-0.0144854
-0.0716129
0.0149553
-0.00906314
-0.00430226
1.21562
0.0826571
-0.00739153
0.00192619
-0.0321347
0.34171
-0.00862597
0.0181951
-0.0133786
0.0232052
-0.315282
0.441204
0.00692257
-0.0365159
0.00213387
0.412029
0.630743
0.398261
1.76336
-0.00978411
-0.0283935
-0.00128063
0.805215
0.00645769
0.52456
0.0269647
0.0270589
0.459642
-0.0147091
2.06623
2.59541
-0.0310668
0.0222391
0.00291865
1.61045
-0.0129922
-0.0036102
0.0161976
0.0105823
0.235421
0.0319091
-0.0120588
-0.0257168
3.04397
0.0068876
0.00192913
-0.0117333
-0.00761189
0
0
0
0
0
0
0
0
0
0
0
0
0
0
0
0
0
0
0
0
0
0
0
0
0
0
0
0
0
0
0
0
0
0
0
0
0
0
0
0
0
0
0
0
0
0
0
0
0
0
0
0
0
0
0
0
0
0
0
0
0
0
0
0
0
0
0
0
0
0
0
0
0
0
0
0
0
0
0
0
0
0
0
0
0
0
0
0
0
0
0
0
0
0
0
0
0
0
0
0
0
0
0
0
0
0
0
0
0
0
0
0
0
0
0
0
0
0
0
0
0
0
0
0
0
0
0
0
0
0
0
0
0
0
0
0
0
0
0
0
0
0
0
0
0
0
0
0
0
0
0
0
0
0
0
0
0
0
0
0
0
0
0
0
0
0
0
0
0
0
0
0
0
0
0
0
0
0
0
0
0
0
0
0
0
0
0
0
0
0
0
0
0
0
0
0
0
0
0
0
1.61726
0
0
0
0
0
0
0
0
0
0
0
0
0
0
0
0
0
0
0
0
0
0
0
0
0
0
0
0
0
0
0
0
0
0
0
0
0
0
0
0
0
0
0
0
0
0
0
0
0
0
0
0
0
0
0
0
0
0
0
0
0
0
0
0
0
0
0
0
0
0
0
0
0
0
0
0
0
0
0
0
0
0
0
0
0
0
0
0
0
0
0
0
0
0
0
0
0
0
0
0
-0.343081
-0.0112145
1.61644
-0.042329
0.120583
0.240715
0.0876879
0.601567
1.73962
-0.0224193
-0.0238963
0.250684
0.0806215
0.0234659
-0.12162
-0.541907
0.0268376
-0.953115
-0.0119454
0.00487404
-0.0123646
0.204062
1.95528
0.314233
0.00446854
1.29645
0.166014
-0.0306158
-0.019311
0.793319
0.00653234
0.00358937
0.841222
0.103613
1.58935
0.398712
1.33128
0.0220961
2.31349
-0.00559824
1.20952
0.149672
-0.0744892
0.32537
0.695858
0.980229
-0.00610307
-0.0204166
0.288873
0.00176116
-0.0492222
-0.122743
-0.124064
-0.202508
-0.0860932
-0.0295567
-0.0339252
0.402926
-0.0161589
1.46111
0.19409
-0.0231909
-0.0195646
0.695211
0.0195535
0.11988
0.449763
0.326482
0.0193272
0.111767
0.257934
-0.0121044
-0.000429623
0.163275
0.0153785
-0.0172919
0.0144219
0.00292808
0.0279627
2.37743
-0.00428284
1.20607
2.77233
0.000732318
0.00465167
0.0157371
2.64472
-0.0206798
0.46985
-0.0173945
0.222439
-0.00608762
-0.0773949
0.0393069
0.00360203
3.48426
-0.108861
0.0213526
0.0300284
0.0021507
0
0
0
0
0
0
0
0
0
0
0
0
0
0
0
0
0
0
0
0
0
0
0
0
0
0
0
0
0
0
0
0
0
0
0
0
0
0
0
0
0
0
0
0
0
0
0
0
0
0
0
0
0
0
0
0
0
0
0
0
0
0
0
0
0
0
0
0
0
0
0
0
0
0
0
0
0
0
0
0
0
0
0
0
0
0
0
0
0
0
0
0
0
0
0
0
0
0
0
0
1.99013
0
0
0
0
0
0
0
0
0
0
0
0
0
0
0
0
0
0
0
0
0
0
0
0
0
0
0
0
0
0
0
0
0
0
0
0
0
0
0
0
0
0
0
0
0
0
0
0
0
0
0
0
0
0
0
0
0
0
0
0
0
0
0
0
0
0
0
0
0
0
0
0
0
0
0
0
0
0
0
0
0
0
0
0
0
0
0
0
0
0
0
0
0
0
0
0
0
0
0
0
0
0
0
0
0
0
0
0
0
0
0
0
0
0
0
0
0
0
0
0
0
0
0
0
0
0
0
0
0
0
0
0
0
0
0
0
0
0
0
0
0
0
0
0
0
0
0
0
0
0
0
0
0
0
0
0
0
0
0
0
0
0
0
0
0
0
0
0
0
0
0
0
0
0
0
0
0
0
0
0
0
0
0
0
0
0
0
0
0
0
0
0
0
0
0
0
0
0
0
0
2.43782
0.0364903
1.91583
-0.116486
0.0330638
0.769201
0.747858
0.780815
2.86006
0.00583722
0.00643555
1.42794
0.331022
0.30245
0.649347
0.0104545
-0.00350111
-0.0384401
0.0165036
-0.012643
1.24085
0.0589475
0.796695
0.482824
-0.0222685
-0.0196928
-0.0119188
-0.0415291
-0.010005
0.662519
-0.0535572
1.13701
1.12875
0.091428
1.5941
1.73188
0.957515
-0.0146888
0.579377
0.0239837
0.884471
0.272289
0.0218632
-0.0253791
0.00906438
0.000755296
-0.014441
-0.225886
-0.00813235
-0.0148519
0.668872
-0.569188
1.36681
-0.0260431
-0.0603427
0.464233
-0.0119292
0.0435822
0.00112998
-0.00228646
-0.0239223
-0.00955549
0.135644
1.03257
-0.109398
-0.0536378
0.496403
0.655232
0.0381155
0.790038
0.35072
0.0020262
0.00357538
1.13958
-0.0245062
0.014911
0.365295
-0.0177333
-0.0206756
0.149092
0.0107874
1.32785
0.0244709
-0.00565688
-0.00346598
1.17131
1.323
0.00944619
0.00596105
0.0305514
0.030141
-0.00102606
0.0147138
-0.0388734
0.00193064
2.14088
-0.01716
0.0204561
-0.0129017
-0.0198421
1.54508
