4
1
1
100
0.163195
0.255461
0.535008
0.00894586
-0.550305
-0.0279764
0.189811
0.0867084
0.0330981
-0.456486
0.0557623
0.360787
0.0738971
-0.0128401
3.02831
0.0122148
0.176323
0.349124
-0.00189413
-0.315034
-0.123268
0.0359208
0.183692
-0.00285431
-0.247673
0.165168
-0.546022
-0.461094
-0.249533
3.27798
0.289151
0.0312192
-0.245114
-0.0248009
2.29059
0.19099
-0.0171205
-0.357089
-0.0378126
2.27859
0.0909561
0.0417577
-0.161524
0.116552
2.92807
0.204999
-0.235864
-0.146494
-0.174265
2.53182
-0.155028
0.197878
0.161444
0.000520723
-0.230924
-0.621737
-0.116018
0.629203
0.231704
0.207344
0.201497
0.00132731
-0.360081
0.0115567
2.08548
0.267996
0.0792518
-0.345839
-0.0838852
2.1273
0.172892
0.316172
0.0479326
-0.0970155
1.59723
-0.0416934
0.0653237
0.0890188
0.0102823
-0.176321
0.0164892
0.262921
0.147545
0.00812105
-0.311124
0.0485559
0.085431
-0.133081
0.00414602
-0.445074
-0.314423
0.118038
0.27722
-0.0069212
-0.400206
-0.313361
0.195494
0.0450809
-0.000334104
-0.310799
0.281952
0.0428119
-0.285345
-0.00749589
2.16195
0.018639
0.035612
0.156944
0.00658878
-0.142779
0.126128
0.213697
0.014308
-0.0483335
1.89622
0.193265
0.0603009
-0.137876
0.0234046
2.30123
-0.225086
0.0504495
0.125681
0.00376822
-0.231788
0.0671991
0.830096
0.208255
-0.125766
2.35575
-0.0354854
0.106397
0.249346
-0.000811811
-0.225295
-0.278732
0.327854
-0.102507
0.00592292
-0.374751
0.12012
0.0766262
0.232597
-0.0101699
-0.275299
0.262113
0.140664
-0.100529
0.029489
2.29044
0.00962341
0.35798
0.149292
0.0216075
-0.382149
0.13999
0.272003
-0.723257
-0.196846
2.18383
0.258391
0.11191
-0.138464
0.0171924
2.20192
-0.086177
0.177381
0.300717
-0.000810457
-0.300526
0.215273
0.157839
-0.121574
0.0331972
2.41864
0.299351
-0.0341275
0.511444
-0.0437567
3.16886
0.253279
0.148661
-0.462765
-0.0734627
2.42327
-0.128122
0.0640598
0.195901
0.00204526
-0.230462
-0.0764673
0.0190622
-0.265312
0.12334
2.54772
0.0213891
0.0275083
0.160813
0.0122311
-0.19307
0.214196
0.154944
-0.442608
-0.00275363
2.18533
-0.383151
0.0970889
0.560726
0.0109488
-0.571983
-0.0227794
0.180373
0.143167
0.00171125
-0.159658
-0.0802227
0.0402245
0.451567
-0.00255387
-0.296333
0.254688
0.109427
-1.45745
-0.20077
1.90782
-0.0647435
0.184709
0.924269
0.000175417
-0.482743
-0.0367823
0.144278
0.0513719
-0.00871128
-0.243776
0.0326479
0.026465
-0.266974
0.0272602
-0.487728
0.180508
0.215489
0.779668
0.00330178
-0.523999
-0.0216251
0.106986
0.142911
-0.000321272
-0.115161
0.00793163
0.130067
0.0167663
0.0104298
-0.248862
0.00159688
0.22602
-0.0466469
0.017042
-0.328053
0.205739
0.151157
-0.241825
0.033996
2.41061
-1.3742
-0.0878686
1.05226
-0.00745851
0.0520159
-0.0120488
0.223057
0.113593
-0.00210106
-0.194367
-0.214631
-0.0495249
0.0889574
0.0194857
-0.35388
-0.106533
0.0857877
0.0336261
0.00303624
-0.163882
0.941177
-0.000666335
-1.23997
-0.0613411
-1.27125
0.0822503
0.509798
-0.582486
-0.00326398
-0.621682
-0.269961
0.0503076
1.78741
-0.0433865
0.0428605
-0.00846317
0.208787
0.436708
0.0129835
-0.379032
-0.00350904
0.0802339
0.620182
0.0080619
-0.45622
0.536313
0.0561748
0.118316
0.0056152
-0.393768
0.113761
0.0963688
-0.529678
-0.122577
2.22642
-0.130839
0.016557
0.286657
-0.00472814
-0.269215
-0.00412738
0.113072
0.398528
-0.00149077
-0.238673
1.30428
0.277594
0.234495
-0.00615106
-0.79593
0.242568
0.0753878
-0.195537
-0.0222787
1.99368
0.228945
0.00695468
-0.118899
0.00935768
2.07737
0.275564
0.234681
0.048123
0.00154935
2.02557
0.0257817
0.00247785
-0.125138
0.0601122
2.1277
-0.254362
0.0426847
0.34766
-0.0101767
-0.405904
0.00201161
0.112938
1.26973
0.00583426
-0.630929
-0.289144
0.347661
0.0354365
-0.000818866
-0.328087
0.193609
0.164034
-1.62602
-0.290272
2.42693
0.0449485
0.151692
0.13135
0.00109097
-0.169898
0.131968
0.172487
-0.064657
-0.165505
1.99327
-0.214397
0.195059
0.1221
-0.0043161
-0.286915
-0.0515413
0.0704619
0.118143
0.00316226
-0.155868
0.0016687
0.363714
1.06602
-0.111817
2.22263
-0.031754
0.219714
0.202308
-0.0013455
-0.206478
0.147556
0.277299
-0.249934
0.0709052
2.81151
0.0847797
0.0536458
0.106921
-0.407338
3.55311
0.0190484
0.0863095
0.32998
0.0044004
-0.236026
-0.0720687
0.107679
0.140649
0.0179624
-0.281094
0.0497804
0.178316
0.02583
0.000198336
-0.113157
0.186437
0.0588969
0.681184
-0.0348317
2.87889
-0.250084
0.085944
0.290207
0.00348476
-0.321564
0.48232
0.251966
0.375476
0.00329521
-0.49113
-0.0841445
0.281656
0.0425931
-0.00841762
-0.353783
-0.119686
0.15119
0.0947855
-0.000868647
-0.169783
0.0240985
0.687696
-0.289128
-0.0529292
1.78825
-0.339
0.0813773
0.0890812
0.0118605
-0.339969
-0.0100136
0.201688
0.270861
-0.000910948
-0.210108
0.035856
0.063989
0.212312
-0.00176591
-0.189059
0.0586439
0.0173407
-0.221738
0.124742
2.97327
-0.405056
0.140456
0.363215
-0.00705619
-0.498693
-0.0107765
0.216536
0.143914
0.00313483
-0.182002
-0.178909
0.182222
0.114058
0.0013029
-0.229532
-0.0385363
0.0606849
0.241594
0.00405086
-0.236895
0.317904
-0.0434781
2.01955
0.00215265
0.00462472
1.19668
0.558789
0.759347
2.79999
0.577707
0.0118535
0.0930806
0.659598
0.432482
0.0407067
-0.010261
-0.000884483
0.0244955
0.00201173
-0.00325087
0.773759
0.0181555
0.349643
1.05234
0.00466715
0.649994
-0.0170238
-0.00126377
-0.0463345
0.821067
0.0362201
0.158387
0.637861
0.0397326
0.995206
2.43507
0.844355
-0.031549
2.04716
-0.0112486
0.744959
-0.00552281
-0.0387278
-0.0310339
0.360561
0.023368
-0.00336551
-0.0144854
-0.0716129
0.0149553
-0.00906314
-0.00430226
1.21562
0.0826571
-0.00739153
0.00192619
-0.0321347
0.34171
-0.00862597
0.0181951
-0.0133786
0.0232052
-0.315282
0.441204
0.00692257
-0.0365159
0.00213387
0.412029
0.630743
0.398261
1.76336
-0.00978411
-0.0283935
-0.00128063
0.805215
0.00645769
0.52456
0.0269647
0.0270589
0.459642
-0.0147091
2.06623
2.59541
-0.0310668
0.0222391
0.00291865
1.61045
-0.0129922
-0.0036102
0.0161976
0.0105823
0.235421
0.0319091
-0.0120588
-0.0257168
3.04397
0.0068876
0.00192913
-0.0117333
-0.00761189
1.61726
